1400
100
93 247
41 218
12 758
94 682
52 682
49 298
68 86
99 466
61 130
94 866
6 119
88 1434
40 751
71 453
14 1286
55 289
29 763
63 259
99 288
40 104
5 389
32 697
64 234
41 652
20 248
46 173
88 89
2 23
24 165
85 234
64 538
74 104
76 467
5 1709
17 1769
98 551
58 1382
81 522
70 1025
17 922
21 119
84 98
10 13
69 256
26 1524
6 205
35 674
1 385
82 93
41 114
20 34
60 494
41 536
91 417
16 438
22 358
61 264
88 251
42 446
62 316
85 526
63 202
84 1086
47 664
56 271
97 1417
30 163
33 383
50 56
17 909
78 200
29 1466
68 213
32 172
30 99
88 711
82 389
23 827
69 603
31 799
89 817
37 173
14 15
49 1128
23 954
49 365
94 112
74 1028
85 189
65 1072
71 333
38 306
0 721
20 600
20 785
73 596
73 801
91 178
10 200
51 54
