10000
10000
6915 6916
626 627
586 587
8477 8478
4452 4453
1050 1051
4391 4392
6857 6858
6242 6243
6885 6886
1025 1026
4250 4251
821 822
4049 4050
9564 9565
9135 9136
3830 3831
440 441
5930 5931
4575 4576
5846 5847
9778 9779
333 334
5286 5287
8665 8666
6949 6950
811 812
7912 7913
9754 9755
6244 6245
4025 4026
4563 4564
2896 2897
5481 5482
4694 4695
8382 8383
9684 9685
4873 4874
2041 2042
6753 6754
1938 1939
6641 6642
2000 2001
1498 1499
4378 4379
8901 8902
794 795
3190 3191
4517 4518
2751 2752
2769 2770
4666 4667
8187 8188
7187 7188
8884 8885
1009 1010
5198 5199
8577 8578
4770 4771
6597 6598
59 60
8599 8600
8202 8203
3783 3784
9023 9024
8520 8521
3227 3228
642 643
361 362
9385 9386
8523 8524
302 303
5172 5173
7203 7204
3718 3719
4222 4223
608 609
4429 4430
859 860
6259 6260
9789 9790
7597 7598
7368 7369
7377 7378
937 938
3979 3980
2910 2911
9749 9750
6258 6259
5848 5849
860 861
2203 2204
7529 7530
316 317
1841 1842
7314 7315
1092 1093
6557 6558
8736 8737
356 357
3915 3916
3058 3059
1826 1827
5138 5139
5763 5764
719 720
9990 9991
1573 1574
2871 2872
6371 6372
5349 5350
9583 9584
3456 3457
8136 8137
3330 3331
8779 8780
3482 3483
4748 4749
3089 3090
1791 1792
2374 2375
8568 8569
8325 8326
8915 8916
9773 9774
1350 1351
1796 1797
7289 7290
5508 5509
8543 8544
3610 3611
6662 6663
9625 9626
2167 2168
2102 2103
5330 5331
4490 4491
5412 5413
5653 5654
7711 7712
7082 7083
119 120
7924 7925
8827 8828
755 756
6910 6911
5031 5032
3268 3269
3244 3245
7622 7623
6335 6336
537 538
8725 8726
7776 7777
5795 5796
8231 8232
1690 1691
217 218
848 849
4756 4757
9079 9080
6448 6449
1622 1623
2922 2923
411 412
8130 8131
5075 5076
408 409
6284 6285
2327 2328
9398 9399
1664 1665
3403 3404
1727 1728
5973 5974
7055 7056
7046 7047
3774 3775
5889 5890
1549 1550
6351 6352
2469 2470
9172 9173
2120 2121
5123 5124
3807 3808
8872 8873
2614 2615
1181 1182
418 419
3084 3085
8877 8878
2554 2555
9733 9734
4260 4261
6333 6334
2071 2072
5247 5248
7137 7138
3687 3688
9679 9680
2177 2178
6596 6597
1523 1524
6950 6951
44 45
9946 9947
4926 4927
7470 7471
113 114
8728 8729
6668 6669
7254 7255
2047 2048
9898 9899
4785 4786
5783 5784
5963 5964
816 817
4504 4505
846 847
9765 9766
4530 4531
6861 6862
8743 8744
5305 5306
7938 7939
4371 4372
8105 8106
8040 8041
3217 3218
2195 2196
1786 1787
827 828
2372 2373
6254 6255
6924 6925
8013 8014
5839 5840
7590 7591
3575 3576
4602 4603
9496 9497
7345 7346
4669 4670
5769 5770
7058 7059
1488 1489
5787 5788
8579 8580
322 323
1960 1961
8519 8520
2164 2165
185 186
8364 8365
919 920
5567 5568
3013 3014
2504 2505
1519 1520
9500 9501
2794 2795
3246 3247
5394 5395
520 521
6531 6532
5192 5193
3818 3819
1446 1447
5091 5092
368 369
9003 9004
1019 1020
802 803
1166 1167
6896 6897
7354 7355
3334 3335
6804 6805
7023 7024
5853 5854
2323 2324
9895 9896
8994 8995
311 312
6507 6508
3048 3049
3387 3388
4349 4350
6373 6374
1028 1029
5882 5883
9236 9237
9247 9248
8858 8859
9667 9668
3238 3239
1242 1243
1597 1598
2509 2510
1811 1812
9725 9726
2425 2426
9028 9029
1472 1473
2115 2116
6140 6141
710 711
2087 2088
6735 6736
8054 8055
6421 6422
8075 8076
7761 7762
8968 8969
1897 1898
5363 5364
3628 3629
4404 4405
883 884
3032 3033
2445 2446
4114 4115
7152 7153
9914 9915
8863 8864
8205 8206
9423 9424
2392 2393
4716 4717
5544 5545
5669 5670
8341 8342
2956 2957
1870 1871
4843 4844
8337 8338
4525 4526
5079 5080
2884 2885
8578 8579
6586 6587
4808 4809
5740 5741
4296 4297
3545 3546
180 181
9261 9262
8767 8768
103 104
8268 8269
7478 7479
5159 5160
4500 4501
4167 4168
1757 1758
3820 3821
4634 4635
5860 5861
2114 2115
3853 3854
1244 1245
4661 4662
8453 8454
7021 7022
2735 2736
4833 4834
519 520
7672 7673
8731 8732
5433 5434
938 939
7033 7034
7489 7490
210 211
3621 3622
7554 7555
6739 6740
4432 4433
5590 5591
9228 9229
756 757
4497 4498
9735 9736
4885 4886
8002 8003
1776 1777
4228 4229
8522 8523
1921 1922
3747 3748
3507 3508
1186 1187
8546 8547
3713 3714
3165 3166
4688 4689
365 366
8288 8289
546 547
68 69
9151 9152
589 590
1217 1218
7696 7697
8076 8077
82 83
9167 9168
7544 7545
3356 3357
114 115
456 457
4827 4828
9933 9934
6822 6823
9435 9436
7143 7144
4415 4416
4657 4658
4003 4004
8831 8832
3701 3702
5202 5203
1085 1086
7235 7236
2219 2220
1203 1204
183 184
450 451
1081 1082
2498 2499
6758 6759
3750 3751
5004 5005
6170 6171
6570 6571
2731 2732
5259 5260
6648 6649
4477 4478
7169 7170
5694 5695
7335 7336
8170 8171
9297 9298
806 807
4607 4608
2389 2390
4043 4044
7224 7225
3378 3379
3760 3761
4762 4763
8757 8758
9772 9773
8317 8318
6354 6355
5813 5814
5553 5554
284 285
9777 9778
6539 6540
9078 9079
2174 2175
3658 3659
2965 2966
769 770
9810 9811
3336 3337
1207 1208
2302 2303
104 105
614 615
1835 1836
1252 1253
7981 7982
4233 4234
8653 8654
1528 1529
8287 8288
5107 5108
8851 8852
5436 5437
7318 7319
6814 6815
7987 7988
3876 3877
4318 4319
6825 6826
7961 7962
2709 2710
159 160
674 675
4029 4030
8020 8021
258 259
6832 6833
4917 4918
5720 5721
4761 4762
2563 2564
6840 6841
2780 2781
3759 3760
7217 7218
8410 8411
597 598
6104 6105
3988 3989
1390 1391
2959 2960
2525 2526
9875 9876
8817 8818
8784 8785
3499 3500
2671 2672
799 800
6897 6898
5692 5693
5200 5201
8737 8738
6137 6138
4247 4248
1898 1899
3717 3718
9091 9092
2003 2004
891 892
2354 2355
97 98
7662 7663
1087 1088
8892 8893
5699 5700
2488 2489
1806 1807
4218 4219
4425 4426
8609 8610
4528 4529
415 416
1431 1432
1576 1577
8279 8280
9313 9314
1103 1104
6689 6690
9114 9115
1395 1396
9477 9478
3994 3995
6728 6729
3828 3829
8986 8987
6171 6172
9976 9977
2591 2592
1525 1526
1418 1419
3933 3934
8444 8445
5841 5842
8344 8345
3300 3301
2415 2416
7634 7635
7457 7458
7150 7151
8428 8429
345 346
8897 8898
7376 7377
2743 2744
1831 1832
6050 6051
8181 8182
3771 3772
1356 1357
9526 9527
7807 7808
6496 6497
6682 6683
7846 7847
6238 6239
2292 2293
4106 4107
2008 2009
8116 8117
1355 1356
7128 7129
5712 5713
4964 4965
7433 7434
8273 8274
6110 6111
367 368
32 33
3536 3537
1083 1084
5571 5572
3267 3268
2858 2859
7374 7375
9640 9641
5583 5584
667 668
504 505
5887 5888
2016 2017
8715 8716
1868 1869
8138 8139
6488 6489
8197 8198
2403 2404
7453 7454
6217 6218
7743 7744
9858 9859
421 422
9460 9461
246 247
8904 8905
1660 1661
2595 2596
598 599
9972 9973
2610 2611
7953 7954
324 325
6299 6300
8266 8267
8066 8067
9472 9473
6152 6153
9732 9733
8032 8033
4947 4948
8980 8981
1943 1944
6391 6392
5944 5945
921 922
5589 5590
5063 5064
9405 9406
1117 1118
3055 3056
4730 4731
495 496
9105 9106
8660 8661
5840 5841
8553 8554
9240 9241
6891 6892
7366 7367
6296 6297
7263 7264
8616 8617
2702 2703
7834 7835
1404 1405
2198 2199
1931 1932
341 342
3399 3400
3985 3986
1167 1168
3995 3996
5243 5244
2937 2938
6800 6801
5527 5528
4393 4394
9698 9699
1058 1059
3675 3676
4174 4175
610 611
7151 7152
7252 7253
3661 3662
7268 7269
8316 8317
1511 1512
5 6
3602 3603
8112 8113
7735 7736
2519 2520
1107 1108
697 698
8713 8714
9578 9579
8093 8094
6708 6709
9366 9367
5027 5028
7585 7586
3894 3895
4907 4908
9530 9531
3770 3771
5755 5756
605 606
3111 3112
4356 4357
1362 1363
6453 6454
6610 6611
4162 4163
5717 5718
3556 3557
7966 7967
1505 1506
2485 2486
9992 9993
3073 3074
7631 7632
7613 7614
8426 8427
2611 2612
2523 2524
8133 8134
5122 5123
1452 1453
6558 6559
9839 9840
6524 6525
5324 5325
1406 1407
4424 4425
3685 3686
7429 7430
8203 8204
9738 9739
1732 1733
6332 6333
6529 6530
6587 6588
839 840
1391 1392
7326 7327
4840 4841
8400 8401
7934 7935
6575 6576
8375 8376
2616 2617
8452 8453
4755 4756
7323 7324
1 2
2542 2543
4111 4112
380 381
3012 3013
138 139
713 714
3014 3015
8443 8444
7282 7283
2088 2089
9952 9953
6167 6168
9096 9097
6019 6020
748 749
1726 1727
2185 2186
8060 8061
6198 6199
2796 2797
8492 8493
499 500
5988 5989
2386 2387
9108 9109
1770 1771
7020 7021
7659 7660
2881 2882
2245 2246
7539 7540
6121 6122
7225 7226
9456 9457
5976 5977
2151 2152
3544 3545
4068 4069
4598 4599
9117 9118
7640 7641
2347 2348
835 836
1231 1232
522 523
7617 7618
270 271
4983 4984
4537 4538
8514 8515
1565 1566
5015 5016
1775 1776
6162 6163
5759 5760
8144 8145
5666 5667
7897 7898
3096 3097
5007 5008
4508 4509
3865 3866
4223 4224
7737 7738
8664 8665
9375 9376
7060 7061
7644 7645
3319 3320
8991 8992
8295 8296
5425 5426
4204 4205
2829 2830
8613 8614
7713 7714
9445 9446
6511 6512
6503 6504
9531 9532
4345 4346
4701 4702
8036 8037
2820 2821
3910 3911
3719 3720
4735 4736
5346 5347
1275 1276
3954 3955
9376 9377
4510 4511
3228 3229
9307 9308
167 168
5019 5020
3568 3569
6173 6174
2928 2929
8765 8766
7117 7118
35 36
1104 1105
2271 2272
3911 3912
1909 1910
6133 6134
3056 3057
8819 8820
3170 3171
4865 4866
3352 3353
9454 9455
9512 9513
9035 9036
4551 4552
7168 7169
3448 3449
6868 6869
9071 9072
2845 2846
4397 4398
5526 5527
1478 1479
8217 8218
3780 3781
8708 8709
5482 5483
8962 8963
8154 8155
3873 3874
7216 7217
6055 6056
7883 7884
7982 7983
8780 8781
4855 4856
8362 8363
1377 1378
6878 6879
5818 5819
9420 9421
3590 3591
1099 1100
514 515
1324 1325
7852 7853
917 918
5153 5154
8687 8688
5667 5668
1032 1033
8989 8990
352 353
8529 8530
3878 3879
7093 7094
1160 1161
936 937
3564 3565
3494 3495
8620 8621
2772 2773
5697 5698
3097 3098
5503 5504
6058 6059
2545 2546
24 25
9214 9215
6320 6321
8184 8185
8795 8796
9332 9333
7178 7179
5418 5419
3811 3812
6471 6472
3623 3624
3434 3435
1326 1327
7344 7345
7533 7534
9991 9992
5778 5779
7869 7870
3195 3196
2285 2286
4475 4476
1555 1556
8894 8895
3113 3114
6124 6125
9673 9674
2163 2164
6611 6612
4208 4209
9712 9713
1932 1933
8408 8409
1425 1426
778 779
7000 7001
2477 2478
6827 6828
812 813
5112 5113
530 531
8250 8251
4844 4845
5651 5652
7865 7866
6667 6668
8656 8657
8934 8935
2993 2994
5047 5048
5133 5134
8415 8416
6661 6662
8437 8438
3952 3953
4550 4551
9681 9682
9182 9183
3202 3203
1014 1015
7099 7100
3001 3002
5523 5524
5362 5363
7091 7092
6433 6434
9462 9463
621 622
6834 6835
8188 8189
3667 3668
8470 8471
4080 4081
804 805
6942 6943
5356 5357
9628 9629
7407 7408
4603 4604
2757 2758
8347 8348
8764 8765
3029 3030
9786 9787
3775 3776
4210 4211
512 513
8096 8097
4254 4255
6368 6369
2459 2460
472 473
991 992
9552 9553
4979 4980
9264 9265
6952 6953
780 781
3208 3209
5030 5031
6492 6493
593 594
2345 2346
1041 1042
3906 3907
7553 7554
1469 1470
5131 5132
2837 2838
7480 7481
9900 9901
6033 6034
997 998
9851 9852
5886 5887
995 996
8917 8918
3804 3805
194 195
8124 8125
9723 9724
7915 7916
5266 5267
5731 5732
4039 4040
4135 4136
1758 1759
8390 8391
8562 8563
907 908
9797 9798
62 63
1450 1451
7188 7189
767 768
3440 3441
4644 4645
2687 2688
5880 5881
5983 5984
3346 3347
1292 1293
5334 5335
3753 3754
4231 4232
2143 2144
9515 9516
111 112
3511 3512
303 304
1215 1216
451 452
732 733
4529 4530
9820 9821
9964 9965
8118 8119
8312 8313
466 467
1797 1798
4924 4925
1527 1528
7833 7834
9492 9493
2707 2708
6584 6585
3937 3938
8643 8644
2536 2537
3258 3259
6527 6528
3972 3973
2256 2257
8395 8396
8775 8776
5337 5338
3801 3802
3491 3492
1158 1159
3333 3334
6328 6329
3070 3071
8755 8756
7306 7307
2053 2054
3648 3649
1789 1790
9706 9707
2594 2595
8249 8250
165 166
6904 6905
9129 9130
1752 1753
9088 9089
1111 1112
4618 4619
7267 7268
6567 6568
431 432
2912 2913
6366 6367
9748 9749
1459 1460
1907 1908
6417 6418
6612 6613
6343 6344
2211 2212
2052 2053
5372 5373
9447 9448
4442 4443
5076 5077
9343 9344
2613 2614
7038 7039
3879 3880
5657 5658
9034 9035
9416 9417
473 474
6925 6926
3897 3898
5990 5991
8961 8962
9598 9599
567 568
6547 6548
10 11
3139 3140
2277 2278
1722 1723
2805 2806
2346 2347
8055 8056
3632 3633
856 857
876 877
1132 1133
4126 4127
6750 6751
282 283
977 978
5437 5438
6420 6421
5588 5589
7364 7365
1240 1241
8856 8857
5270 5271
9458 9459
366 367
4966 4967
8123 8124
297 298
3532 3533
8291 8292
6879 6880
1105 1106
136 137
8789 8790
99 100
1531 1532
1137 1138
4224 4225
5933 5934
3085 3086
2580 2581
3822 3823
1154 1155
5469 5470
665 666
3551 3552
1495 1496
5631 5632
7381 7382
3773 3774
3466 3467
3538 3539
9059 9060
3086 3087
9746 9747
8662 8663
5708 5709
4548 4549
6516 6517
2555 2556
8436 8437
5139 5140
6036 6037
9855 9856
8352 8353
1317 1318
9753 9754
2279 2280
4675 4676
7160 7161
382 383
2924 2925
783 784
6144 6145
7829 7830
6163 6164
6864 6865
8641 8642
8271 8272
6837 6838
350 351
7079 7080
4194 4195
4520 4521
548 549
6887 6888
1829 1830
1615 1616
1872 1873
9248 9249
1374 1375
1961 1962
8532 8533
1784 1785
2234 2235
6777 6778
5958 5959
1646 1647
7019 7020
9012 9013
4605 4606
4234 4235
5046 5047
467 468
7958 7959
590 591
9847 9848
7352 7353
824 825
7816 7817
3779 3780
1802 1803
1006 1007
5095 5096
4044 4045
8041 8042
9310 9311
6818 6819
4200 4201
6676 6677
4083 4084
5039 5040
3960 3961
4313 4314
7258 7259
5847 5848
2548 2549
9298 9299
9076 9077
4288 4289
7598 7599
1847 1848
736 737
6210 6211
3588 3589
2557 2558
7899 7900
2443 2444
106 107
7421 7422
4155 4156
3312 3313
8818 8819
6709 6710
5678 5679
9737 9738
9701 9702
2904 2905
1543 1544
9736 9737
6768 6769
4324 4325
7018 7019
5532 5533
3612 3613
4473 4474
8567 8568
6323 6324
3156 3157
7176 7177
4183 4184
3240 3241
5277 5278
4812 4813
1538 1539
9047 9048
2317 2318
1052 1053
4801 4802
6209 6210
7957 7958
8110 8111
1343 1344
1962 1963
3116 3117
7264 7265
1617 1618
2183 2184
1669 1670
1992 1993
8555 8556
7541 7542
2949 2950
9333 9334
5083 5084
9945 9946
2652 2653
471 472
4121 4122
4052 4053
9213 9214
7336 7337
6283 6284
1880 1881
3515 3516
130 131
2448 2449
1723 1724
3436 3437
8017 8018
7202 7203
4072 4073
2382 2383
7006 7007
8314 8315
4187 4188
8803 8804
3445 3446
5391 5392
1225 1226
4152 4153
1952 1953
373 374
8965 8966
3237 3238
3574 3575
8544 8545
4225 4226
558 559
4679 4680
3546 3547
4350 4351
7689 7690
3318 3319
17 18
4524 4525
9833 9834
6322 6323
8276 8277
4723 4724
1003 1004
5968 5969
1277 1278
1626 1627
3591 3592
7994 7995
1001 1002
6094 6095
1608 1609
2012 2013
7564 7565
1601 1602
5283 5284
3613 3614
7762 7763
4899 4900
1476 1477
7903 7904
3663 3664
7582 7583
9322 9323
1985 1986
5732 5733
5194 5195
9110 9111
4387 4388
339 340
6159 6160
7627 7628
2784 2785
594 595
1080 1081
2243 2244
9039 9040
2357 2358
4857 4858
7444 7445
2281 2282
9812 9813
2108 2109
286 287
6883 6884
4037 4038
9171 9172
9646 9647
6484 6485
1204 1205
8730 8731
632 633
9401 9402
9562 9563
4935 4936
854 855
613 614
2491 2492
3769 3770
4763 4764
2756 2757
947 948
1185 1186
6408 6409
4839 4840
8627 8628
5961 5962
4642 4643
8645 8646
3177 3178
5965 5966
772 773
9971 9972
1335 1336
4488 4489
173 174
8324 8325
2112 2113
8129 8130
7874 7875
6684 6685
4168 4169
6026 6027
33 34
4962 4963
8321 8322
1589 1590
4102 4103
75 76
5003 5004
5899 5900
611 612
2222 2223
8982 8983
7848 7849
5709 5710
9903 9904
8719 8720
5495 5496
5360 5361
8161 8162
5086 5087
3768 3769
9372 9373
5293 5294
6712 6713
6554 6555
4073 4074
5842 5843
306 307
9917 9918
1376 1377
679 680
5448 5449
1321 1322
6344 6345
9215 9216
4791 4792
7508 7509
2759 2760
8988 8989
1366 1367
5734 5735
9796 9797
4911 4912
9965 9966
573 574
9939 9940
1554 1555
3011 3012
6406 6407
5680 5681
7546 7547
5852 5853
4129 4130
517 518
7125 7126
2648 2649
9671 9672
3928 3929
2607 2608
1159 1160
4053 4054
1378 1379
8829 8830
5150 5151
3479 3480
9325 9326
3274 3275
8710 8711
7575 7576
6901 6902
8034 8035
1928 1929
3702 3703
6550 6551
896 897
4709 4710
7201 7202
5332 5333
1448 1449
4066 4067
4420 4421
7747 7748
2629 2630
5326 5327
7167 7168
3189 3190
1466 1467
6099 6100
3842 3843
4451 4452
1288 1289
7078 7079
1910 1911
2218 2219
2501 2502
8661 8662
5052 5053
2935 2936
1206 1207
7663 7664
307 308
3699 3700
252 253
2870 2871
1793 1794
5151 5152
795 796
5805 5806
4982 4983
5409 5410
6095 6096
171 172
8267 8268
877 878
4172 4173
2349 2350
2059 2060
6517 6518
2895 2896
5410 5411
1595 1596
1393 1394
2773 2774
7329 7330
8377 8378
2474 2475
5537 5538
7765 7766
5180 5181
9894 9895
3833 3834
9758 9759
1208 1209
9295 9296
7681 7682
8910 8911
1712 1713
3872 3873
4579 4580
6013 6014
7511 7512
3220 3221
7351 7352
3557 3558
5269 5270
4244 4245
8861 8862
5137 5138
1172 1173
7898 7899
7164 7165
3948 3949
9137 9138
7908 7909
3502 3503
269 270
3437 3438
4098 4099
4932 4933
9122 9123
7690 7691
496 497
4285 4286
7496 7497
6460 6461
3592 3593
8928 8929
7741 7742
8403 8404
584 585
5834 5835
2405 2406
2565 2566
5251 5252
1443 1444
3490 3491
2361 2362
7537 7538
2447 2448
5723 5724
4304 4305
1375 1376
8135 8136
6782 6783
2587 2588
4130 4131
7593 7594
2487 2488
1837 1838
8996 8997
4235 4236
9656 9657
5213 5214
7469 7470
9950 9951
8226 8227
1751 1752
2958 2959
9688 9689
5361 5362
1323 1324
2699 2700
8632 8633
6669 6670
3383 3384
5894 5895
4610 4611
2584 2585
5704 5705
9387 9388
1139 1140
1457 1458
1302 1303
6512 6513
3196 3197
2835 2836
8254 8255
7468 7469
902 903
1685 1686
6654 6655
8389 8390
5773 5774
7707 7708
1234 1235
7884 7885
3467 3468
4 5
9270 9271
4326 4327
8104 8105
4948 4949
8605 8606
4203 4204
9691 9692
5901 5902
864 865
1430 1431
1409 1410
7560 7561
337 338
1485 1486
862 863
7129 7130
8797 8798
579 580
142 143
8816 8817
170 171
4045 4046
6867 6868
1719 1720
4291 4292
6882 6883
8380 8381
9707 9708
6971 6972
1039 1040
8107 8108
971 972
8937 8938
8472 8473
9221 9222
6123 6124
6260 6261
2497 2498
9533 9534
5064 5065
4914 4915
1265 1266
4757 4758
8689 8690
8923 8924
1818 1819
3051 3052
4961 4962
4267 4268
129 130
7668 7669
4133 4134
8813 8814
9871 9872
1163 1164
1816 1817
1330 1331
3788 3789
3449 3450
2255 2256
6996 6997
6765 6766
7832 7833
2620 2621
9993 9994
7726 7727
424 425
4672 4673
1731 1732
8885 8886
8179 8180
370 371
9926 9927
7147 7148
7567 7568
1895 1896
7242 7243
4542 4543
7751 7752
813 814
1054 1055
186 187
5456 5457
4447 4448
5719 5720
8445 8446
4351 4352
2104 2105
8370 8371
5578 5579
8357 8358
2531 2532
1584 1585
9779 9780
5000 5001
6302 6303
2630 2631
4091 4092
5975 5976
2187 2188
2280 2281
8648 8649
6582 6583
5756 5757
2526 2527
229 230
984 985
7660 7661
8513 8514
4945 4946
6253 6254
1481 1482
169 170
8825 8826
3887 3888
720 721
2237 2238
2126 2127
4736 4737
6830 6831
5113 5114
9884 9885
4300 4301
9253 9254
1540 1541
4343 4344
1899 1900
9755 9756
7940 7941
8686 8687
8702 8703
6863 6864
7371 7372
5288 5289
4262 4263
1034 1035
8348 8349
9106 9107
2872 2873
8354 8355
2446 2447
4215 4216
3539 3540
8421 8422
7373 7374
8401 8402
8679 8680
8367 8368
7964 7965
9801 9802
1812 1813
803 804
155 156
6261 6262
1509 1510
5764 5765
2994 2995
5757 5758
4412 4413
2119 2120
8190 8191
9418 9419
1399 1400
9806 9807
8783 8784
5208 5209
6467 6468
2408 2409
8090 8091
1155 1156
4462 4463
6994 6995
8794 8795
4209 4210
7485 7486
5092 5093
9617 9618
6472 6473
5449 5450
4368 4369
7083 7084
2289 2290
9911 9912
9396 9397
1823 1824
5781 5782
2957 2958
8484 8485
8103 8104
7322 7323
8716 8717
3772 3773
1433 1434
1679 1680
4621 4622
9825 9826
2060 2061
2484 2485
2915 2916
1986 1987
5486 5487
3185 3186
7279 7280
3633 3634
1619 1620
5994 5995
490 491
7062 7063
1919 1920
5573 5574
5193 5194
9997 9998
8289 8290
8301 8302
6307 6308
2424 2425
4095 4096
6234 6235
5940 5941
2719 2720
7913 7914
7605 7606
1772 1773
9250 9251
1785 1786
3611 3612
4459 4460
5033 5034
3396 3397
4506 4507
1883 1884
7779 7780
4797 4798
3516 3517
8147 8148
1963 1964
6250 6251
9652 9653
6068 6069
3889 3890
9514 9515
4161 4162
2326 2327
2852 2853
3829 3830
2399 2400
7587 7588
4567 4568
392 393
4526 4527
3898 3899
9599 9600
6288 6289
107 108
4820 4821
3102 3103
420 421
2946 2947
2298 2299
4105 4106
8115 8116
942 943
5867 5868
3617 3618
3726 3727
1590 1591
8527 8528
2873 2874
9849 9850
3565 3566
8365 8366
9580 9581
4434 4435
6998 6999
3438 3439
6111 6112
4257 4258
4283 4284
9521 9522
9260 9261
5502 5503
2020 2021
4646 4647
29 30
4171 4172
4340 4341
5009 5010
8504 8505
4638 4639
8802 8803
1020 1021
2051 2052
9542 9543
2589 2590
978 979
2883 2884
4009 4010
7975 7976
1627 1628
9234 9235
6172 6173
9537 9538
6383 6384
9566 9567
2921 2922
9974 9975
3173 3174
6376 6377
9547 9548
5264 5265
2573 2574
8525 8526
7119 7120
1578 1579
2144 2145
3850 3851
8704 8705
301 302
3453 3454
9070 9071
6494 6495
3861 3862
1068 1069
4385 4386
2055 2056
8091 8092
6671 6672
9585 9586
5564 5565
3840 3841
124 125
2579 2580
3408 3409
8081 8082
2658 2659
7808 7809
3106 3107
4071 4072
1322 1323
1892 1893
5838 5839
6138 6139
6865 6866
1053 1054
4819 4820
2500 2501
766 767
7569 7570
3924 3925
4810 4811
6076 6077
5570 5571
5386 5387
8157 8158
1197 1198
9304 9305
4795 4796
511 512
2913 2914
1993 1994
1635 1636
8463 8464
4643 4644
1729 1730
4011 4012
1702 1703
3678 3679
7365 7366
3793 3794
9093 9094
3566 3567
3446 3447
7949 7950
928 929
4916 4917
8494 8495
4216 4217
2216 2217
8807 8808
944 945
8097 8098
1718 1719
4266 4267
6809 6810
2241 2242
5543 5544
9745 9746
8695 8696
3108 3109
7404 7405
3679 3680
7886 7887
6186 6187
2169 2170
2133 2134
6895 6896
647 648
9516 9517
2376 2377
6628 6629
3082 3083
9576 9577
4249 4250
4637 4638
1975 1976
8236 8237
5856 5857
7303 7304
8119 8120
6869 6870
4922 4923
325 326
1266 1267
5614 5615
4079 4080
6031 6032
2609 2610
9988 9989
4654 4655
3296 3297
6039 6040
4022 4023
6403 6404
4352 4353
9335 9336
2730 2731
4327 4328
8801 8802
8850 8851
8232 8233
1140 1141
4879 4880
5569 5570
3092 3093
5240 5241
9278 9279
4629 4630
696 697
1680 1681
4491 4492
8489 8490
5382 5383
6752 6753
1696 1697
2625 2626
7122 7123
5517 5518
5633 5634
759 760
448 449
4136 4137
40 41
3731 3732
3271 3272
2541 2542
3385 3386
4665 4666
417 418
419 420
3531 3532
5189 5190
4695 4696
6 7
1164 1165
1441 1442
7518 7519
9643 9644
2423 2424
255 256
6239 6240
8690 8691
3849 3850
5306 5307
5199 5200
5279 5280
7419 7420
9586 9587
2015 2016
3441 3442
6836 6837
8089 8090
6732 6733
7764 7765
2157 2158
5738 5739
6798 6799
6367 6368
8166 8167
1337 1338
435 436
7858 7859
2767 2768
7734 7735
9227 9228
5252 5253
8051 8052
8282 8283
9904 9905
5317 5318
174 175
6355 6356
8346 8347
6604 6605
3206 3207
1279 1280
313 314
8088 8089
6418 6419
265 266
7466 7467
2101 2102
4107 4108
2224 2225
7007 7008
6523 6524
5078 5079
3250 3251
9818 9819
3200 3201
8560 8561
5601 5602
9581 9582
4774 4775
1102 1103
702 703
8260 8261
7551 7552
2213 2214
4489 4490
9811 9812
6207 6208
6892 6893
9083 9084
6789 6790
8058 8059
4413 4414
4868 4869
9089 9090
2641 2642
5125 5126
6681 6682
320 321
2391 2392
7070 7071
9757 9758
2335 2336
5209 5210
6564 6565
6835 6836
9495 9496
1449 1450
4392 4393
2365 2366
3748 3749
1862 1863
7434 7435
6754 6755
9949 9950
8340 8341
202 203
7277 7278
7841 7842
8977 8978
894 895
1672 1673
1338 1339
8857 8858
3986 3987
518 519
4277 4278
2422 2423
1192 1193
8199 8200
8517 8518
9292 9293
5546 5547
47 48
6744 6745
6518 6519
196 197
5267 5268
9280 9281
2130 2131
5110 5111
700 701
4901 4902
9931 9932
3836 3837
4286 4287
3418 3419
3315 3316
4623 4624
4931 4932
7375 7376
3286 3287
6203 6204
2182 2183
2637 2638
5724 5725
9328 9329
5945 5946
3426 3427
2131 2132
5285 5286
8575 8576
8949 8950
4189 4190
3292 3293
6997 6998
4376 4377
866 867
2332 2333
6300 6301
50 51
553 554
8467 8468
6585 6586
4815 4816
5263 5264
5055 5056
6974 6975
5514 5515
7931 7932
8886 8887
6177 6178
9244 9245
6894 6895
1889 1890
1078 1079
7132 7133
2078 2079
9915 9916
5290 5291
5533 5534
8175 8176
2577 2578
204 205
8373 8374
6197 6198
476 477
2247 2248
8919 8920
5096 5097
2926 2927
9400 9401
5134 5135
6699 6700
3649 3650
2013 2014
3178 3179
5087 5088
1844 1845
9021 9022
2919 2920
7253 7254
6416 6417
4275 4276
7638 7639
9975 9976
2931 2932
4939 4940
4789 4790
3402 3403
3902 3903
1652 1653
3283 3284
1007 1008
6294 6295
5250 5251
7493 7494
9288 9289
6475 6476
2934 2935
67 68
9741 9742
4309 4310
3671 3672
7317 7318
2153 2154
9017 9018
182 183
9358 9359
1289 1290
9162 9163
2436 2437
8304 8305
4793 4794
2596 2597
9045 9046
4042 4043
7628 7629
6401 6402
1221 1222
6395 6396
2404 2405
4428 4429
7596 7597
6823 6824
7475 7476
6193 6194
844 845
3134 3135
9185 9186
1196 1197
2560 2561
8143 8144
686 687
6164 6165
4207 4208
5357 5358
331 332
4178 4179
8594 8595
8796 8797
6372 6373
4481 4482
5908 5909
2127 2128
5299 5300
398 399
7844 7845
8927 8928
564 565
1994 1995
300 301
4860 4861
2653 2654
1387 1388
7667 7668
5821 5822
2638 2639
1141 1142
9179 9180
1616 1617
5298 5299
8882 8883
3537 3538
2109 2110
5547 5548
8229 8230
2992 2993
3866 3867
9626 9627
622 623
8387 8388
8025 8026
3197 3198
3823 3824
9062 9063
8404 8405
6792 6793
7723 7724
3030 3031
9346 9347
4012 4013
4655 4656
9178 9179
2771 2772
6201 6202
3929 3930
8353 8354
285 286
9216 9217
6360 6361
7458 7459
6359 6360
3394 3395
9560 9561
9312 9313
8335 8336
3423 3424
2002 2003
6944 6945
3681 3682
4418 4419
8586 8587
1833 1834
3452 3453
1332 1333
7774 7775
7818 7819
7510 7511
7008 7009
7803 7804
6737 6738
7965 7966
6757 6758
8967 8968
5310 5311
8248 8249
7369 7370
7703 7704
6141 6142
1559 1560
5980 5981
3778 3779
6025 6026
5445 5446
788 789
9243 9244
7718 7719
9481 9482
463 464
8678 8679
9099 9100
1447 1448
6811 6812
143 144
2042 2043
1537 1538
2236 2237
5949 5950
93 94
979 980
3158 3159
7507 7508
8035 8036
291 292
6556 6557
3981 3982
2822 2823
7134 7135
9451 9452
6916 6917
5002 5003
9225 9226
988 989
8099 8100
2677 2678
1771 1772
1661 1662
2397 2398
9751 9752
9695 9696
1530 1531
5605 5606
880 881
2864 2865
2359 2360
2106 2107
4760 4761
2082 2083
6513 6514
7648 7649
6784 6785
7563 7564
8280 8281
1046 1047
7526 7527
9163 9164
9417 9418
1944 1945
9951 9952
1645 1646
741 742
2380 2381
7708 7709
1767 1768
4754 4755
4460 4461
6015 6016
5586 5587
9470 9471
1251 1252
4745 4746
7205 7206
1764 1765
5625 5626
9463 9464
4988 4989
716 717
5304 5305
6805 6806
2777 2778
9329 9330
5596 5597
8330 8331
9374 9375
9279 9280
1370 1371
1267 1268
3214 3215
3157 3158
6108 6109
830 831
9357 9358
785 786
2196 2197
1005 1006
4476 4477
9881 9882
125 126
5617 5618
1304 1305
6006 6007
5929 5930
4240 4241
1691 1692
3338 3339
3808 3809
1981 1982
146 147
457 458
6968 6969
26 27
1347 1348
956 957
3432 3433
5463 5464
6741 6742
2612 2613
9064 9065
8165 8166
4082 4083
1653 1654
5426 5427
9161 9162
2368 2369
6216 6217
8361 8362
5742 5743
2305 2306
7223 7224
6702 6703
9864 9865
7976 7977
526 527
9430 9431
5665 5666
4113 4114
989 990
3962 3963
8666 8667
1219 1220
2412 2413
644 645
6116 6117
9433 9434
6473 6474
9254 9255
1059 1060
5873 5874
4055 4056
912 913
2806 2807
1257 1258
4814 4815
9115 9116
6407 6408
9365 9366
9743 9744
5164 5165
7973 7974
2753 2754
9932 9933
7552 7553
2888 2889
5803 5804
9670 9671
6134 6135
1174 1175
5714 5715
1276 1277
9403 9404
8584 8585
6991 6992
5677 5678
6631 6632
5316 5317
9449 9450
5058 5059
7022 7023
8896 8897
5188 5189
8640 8641
7520 7521
2765 2766
4767 4768
7295 7296
6510 6511
8652 8653
9981 9982
6392 6393
7625 7626
5978 5979
9567 9568
4902 4903
1745 1746
7712 7713
2657 2658
5120 5121
4212 4213
1073 1074
5109 5110
8218 8219
2984 2985
4364 4365
3710 3711
2567 2568
7988 7989
4750 4751
5971 5972
649 650
4299 4300
4773 4774
2079 2080
6192 6193
4486 4487
453 454
7309 7310
525 526
2181 2182
9419 9420
7977 7978
8844 8845
8186 8187
6000 6001
9724 9725
6219 6220
2733 2734
6139 6140
2411 2412
2180 2181
8011 8012
7905 7906
7244 7245
9320 9321
3695 3696
5399 5400
7733 7734
3031 3032
5802 5803
3989 3990
8263 8264
1524 1525
4703 4704
1709 1710
5727 5728
7213 7214
5023 5024
3376 3377
3857 3858
2312 2313
8238 8239
4906 4907
9013 9014
4552 4553
3935 3936
7752 7753
3099 3100
4674 4675
9762 9763
212 213
8345 8346
9685 9686
2105 2106
7517 7518
5896 5897
5472 5473
9907 9908
7325 7326
893 894
2814 2815
95 96
3375 3376
5881 5882
3226 3227
851 852
5444 5445
2776 2777
9845 9846
6978 6979
8790 8791
1551 1552
4853 4854
2932 2933
6601 6602
7796 7797
2558 2559
3104 3105
6245 6246
9593 9594
1556 1557
7461 7462
9386 9387
7394 7395
8698 8699
63 64
1180 1181
5402 5403
7315 7316
2364 2365
9550 9551
8981 8982
7111 7112
1346 1347
3400 3401
637 638
578 579
4120 4121
3903 3904
5054 5055
6092 6093
3417 3418
3201 3202
2682 2683
4658 4659
7218 7219
4038 4039
3493 3494
2481 2482
9489 9490
9676 9677
6881 6882
5785 5786
1815 1816
4536 4537
9267 9268
695 696
4436 4437
1620 1621
1863 1864
4656 4657
8139 8140
3127 3128
9339 9340
5365 5366
2524 2525
8052 8053
7290 7291
4272 4273
45 46
6038 6039
1575 1576
2232 2233
1499 1500
1349 1350
6241 6242
7676 7677
1923 1924
4697 4698
4100 4101
8561 8562
630 631
721 722
4427 4428
4004 4005
5116 5117
8595 8596
2675 2676
6310 6311
1780 1781
3005 3006
287 288
7839 7840
2973 2974
6528 6529
3049 3050
3625 3626
8999 9000
6213 6214
3063 3064
293 294
2689 2690
8828 8829
7956 7957
8369 8370
3118 3119
192 193
7969 7970
4975 4976
8028 8029
3122 3123
1953 1954
8518 8519
2836 2837
6122 6123
1676 1677
6102 6103
7346 7347
6425 6426
9132 9133
3682 3683
1965 1966
3543 3544
3481 3482
1411 1412
6665 6666
9204 9205
4740 4741
9675 9676
1112 1113
7615 7616
3604 3605
7603 7604
5098 5099
8349 8350
5100 5101
5284 5285
8515 8516
1609 1610
5225 5226
2618 2619
8297 8298
3322 3323
9852 9853
8841 8842
2479 2480
3506 3507
8059 8060
199 200
9600 9601
8512 8513
9535 9536
3498 3499
9874 9875
9597 9598
2893 2894
4627 4628
1198 1199
6402 6403
3256 3257
5837 5838
581 582
3642 3643
1781 1782
4915 4916
5700 5701
9428 9429
6877 6878
2797 2798
6817 6818
3586 3587
1351 1352
4940 4941
5466 5467
678 679
3715 3716
2556 2557
6481 6482
3002 3003
5874 5875
384 385
2080 2081
6334 6335
9604 9605
5370 5371
5049 5050
6581 6582
8468 8469
1563 1564
9506 9507
3855 3856
4518 4519
2716 2717
2508 2509
1319 1320
7051 7052
9582 9583
5530 5531
3054 3055
9517 9518
9499 9500
8359 8360
1214 1215
6455 6456
4456 4457
7269 7270
3816 3817
6062 6063
3325 3326
1853 1854
6051 6052
3660 3661
513 514
5966 5967
5758 5759
1568 1569
2348 2349
5165 5166
2337 2338
8611 8612
1884 1885
7855 7856
3339 3340
9728 9729
9006 9007
3406 3407
4876 4877
4390 4391
6224 6225
2259 2260
4104 4105
7748 7749
4633 4634
6143 6144
5970 5971
2940 2941
5161 5162
532 533
8840 8841
6772 6773
2727 2728
3636 3637
1086 1087
2781 2782
3136 3137
9824 9825
6287 6288
3650 3651
4156 4157
9169 9170
3025 3026
335 336
7817 7818
1293 1294
1011 1012
629 630
6918 6919
6902 6903
1394 1395
8012 8013
2239 2240
2490 2491
2419 2420
2269 2270
4803 4804
3909 3910
7010 7011
7481 7482
7967 7968
8761 8762
8360 8361
6788 6789
9595 9596
6987 6988
3587 3588
7194 7195
5900 5901
9846 9847
4124 4125
5782 5783
2744 2745
1010 1011
9037 9038
1955 1956
8311 8312
847 848
4989 4990
8793 8794
3677 3678
1804 1805
39 40
1637 1638
3398 3399
3444 3445
7308 7309
3601 3602
6893 6894
3405 3406
4705 4706
6093 6094
8622 8623
274 275
4365 4366
2863 2864
9948 9949
1286 1287
2439 2440
9608 9609
4040 4041
576 577
6763 6764
1363 1364
1461 1462
3489 3490
1079 1080
3968 3969
1453 1454
3925 3926
5922 5923
2284 2285
1512 1513
8333 8334
2812 2813
6636 6637
8617 8618
3075 3076
4088 4089
7245 7246
2304 2305
1778 1779
7430 7431
3581 3582
7814 7815
69 70
3060 3061
739 740
3956 3957
1101 1102
927 928
5073 5074
4302 4303
3188 3189
7758 7759
250 251
2062 2063
4359 4360
5378 5379
8596 8597
2286 2287
9190 9191
2799 2800
363 364
6180 6181
4816 4817
1030 1031
9601 9602
9384 9385
2688 2689
4229 4230
791 792
2762 2763
3707 3708
1262 1263
3374 3375
6315 6316
3803 3804
2267 2268
6004 6005
3596 3597
9413 9414
8351 8352
1535 1536
1342 1343
213 214
1941 1942
2460 2461
8207 8208
669 670
7173 7174
2272 2273
6317 6318
3194 3195
1564 1565
3370 3371
4949 4950
355 356
1594 1595
6072 6073
6410 6411
6690 6691
561 562
9666 9667
808 809
9355 9356
6127 6128
8495 8496
8721 8722
6985 6986
3016 3017
2608 2609
6873 6874
3654 3655
3210 3211
1146 1147
1558 1559
7400 7401
4219 4220
7785 7786
5428 5429
9030 9031
8366 8367
2418 2419
3950 3951
3787 3788
4164 4165
3345 3346
8262 8263
163 164
5770 5771
9999 10000
2995 2996
401 402
4965 4966
9588 9589
4533 4534
263 264
1233 1234
4199 4200
2094 2095
7005 7006
4382 4383
1948 1949
8450 8451
5415 5416
7123 7124
9823 9824
6435 6436
5038 5039
7509 7510
8545 8546
691 692
5067 5068
3722 3723
9299 9300
9622 9623
9380 9381
2661 2662
1585 1586
3295 3296
9347 9348
9544 9545
4540 4541
3579 3580
4278 4279
4030 4031
1314 1315
7937 7938
5430 5431
693 694
3154 3155
5986 5987
2827 2828
6112 6113
4268 4269
9014 9015
6680 6681
6852 6853
8483 8484
8750 8751
5833 5834
6340 6341
6468 6469
9742 9743
3391 3392
7595 7596
5954 5955
3938 3939
5215 5216
6485 6486
6593 6594
9494 9495
3524 3525
2057 2058
9571 9572
5427 5428
5036 5037
5344 5345
8739 8740
9199 9200
8976 8977
2597 2598
4176 4177
4515 4516
7916 7917
7261 7262
9306 9307
1893 1894
8956 8957
4047 4048
5936 5937
5336 5337
4407 4408
7698 7699
6326 6327
3245 3246
5931 5932
3977 3978
3429 3430
8791 8792
9901 9902
3115 3116
1763 1764
6466 6467
3324 3325
3644 3645
4877 4878
7358 7359
8277 8278
7618 7619
9120 9121
5010 5011
9689 9690
6600 6601
606 607
2760 2761
7305 7306
5904 5905
798 799
5902 5903
2494 2495
8963 8964
9337 9338
1842 1843
6638 6639
6212 6213
6787 6788
8221 8222
205 206
6603 6604
3153 3154
7876 7877
2025 2026
7285 7286
6113 6114
1353 1354
9318 9319
4090 4091
5275 5276
1877 1878
1830 1831
4648 4649
6293 6294
2578 2579
2561 2562
1912 1913
3756 3757
4251 4252
1188 1189
395 396
3966 3967
3191 3192
3932 3933
5008 5009
1654 1655
1572 1573
1699 1700
18 19
3737 3738
7215 7216
4032 4033
6630 6631
7077 7078
814 815
9057 9058
9553 9554
9382 9383
227 228
5127 5128
751 752
8911 8912
6097 6098
6969 6970
7494 7495
4731 4732
7228 7229
9124 9125
7892 7893
72 73
5736 5737
92 93
8286 8287
2527 2528
3851 3852
7299 7300
1603 1604
6230 6231
9020 9021
6365 6366
2085 2086
9529 9530
668 669
6432 6433
9438 9439
1733 1734
9031 9032
7459 7460
753 754
7486 7487
8940 8941
6465 6466
23 24
9985 9986
786 787
9198 9199
4282 4283
6434 6435
7943 7944
6491 6492
8177 8178
2066 2067
1934 1935
9623 9624
4014 4015
2266 2267
3151 3152
7154 7155
5845 5846
8038 8039
84 85
7155 7156
9606 9607
6393 6394
3912 3913
1064 1065
2988 2989
3559 3560
4261 4262
2840 2841
9962 9963
3662 3663
9925 9926
865 866
8957 8958
5910 5911
4154 4155
4913 4914
4726 4727
7071 7072
7312 7313
4519 4520
4805 4806
7955 7956
9877 9878
3192 3193
9186 9187
66 67
299 300
6848 6849
3599 3600
8947 8948
9615 9616
5771 5772
8733 8734
6380 6381
5471 5472
2651 2652
9648 9649
6773 6774
4684 4685
3003 3004
407 408
4221 4222
57 58
225 226
498 499
5080 5081
1308 1309
6445 6446
8451 8452
7535 7536
533 534
4556 4557
2024 2025
8259 8260
5920 5921
3542 3543
1287 1288
4586 4587
5280 5281
1930 1931
9561 9562
36 37
6731 6732
4742 4743
7191 7192
9921 9922
6119 6120
7753 7754
3847 3848
9450 9451
2145 2146
2110 2111
7556 7557
8696 8697
1307 1308
6003 6004
3859 3860
4625 4626
6443 6444
9351 9352
9211 9212
4580 4581
6576 6577
9271 9272
745 746
5016 5017
1403 1404
1956 1957
8014 8015
6734 6735
2798 2799
9265 9266
2178 2179
9502 9503
4790 4791
4576 4577
4253 4254
3785 3786
5006 5007
9356 9357
6447 6448
6298 6299
383 384
9436 9437
8047 8048
1768 1769
2974 2975
8729 8730
6195 6196
9269 9270
3040 3041
2193 2194
5749 5750
6796 6797
922 923
2950 2951
5964 5965
5999 6000
9116 9117
7559 7560
3460 3461
5160 5161
8000 8001
4895 4896
7310 7311
3958 3959
6843 6844
1297 1298
8256 8257
4001 4002
4539 4540
5969 5970
1904 1905
4292 4293
3372 3373
3758 3759
6656 6657
9897 9898
5797 5798
6964 6965
8932 8933
1143 1144
9538 9539
8798 8799
9788 9789
2667 2668
8658 8659
837 838
6080 6081
2050 2051
8137 8138
8726 8727
1015 1016
9916 9917
5373 5374
822 823
943 944
2022 2023
9095 9096
8741 8742
1303 1304
3530 3531
6397 6398
9327 9328
1692 1693
6305 6306
958 959
9073 9074
3369 3370
7531 7532
3694 3695
742 743
8045 8046
128 129
4230 4231
1049 1050
9183 9184
3802 3803
6248 6249
3916 3917
6044 6045
4000 4001
8227 8228
2782 2783
2371 2372
5287 5288
1974 1975
4085 4086
8073 8074
437 438
5383 5384
6504 6505
1372 1373
9301 9302
5696 5697
7096 7097
7685 7686
8247 8248
5529 5530
2865 2866
7532 7533
7301 7302
4503 4504
6845 6846
3854 3855
6578 6579
1805 1806
6521 6522
6128 6129
9658 9659
2208 2209
8050 8051
2300 2301
9557 9558
5226 5227
515 516
3410 3411
6889 6890
1644 1645
9866 9867
4692 4693
7799 7800
6766 6767
5789 5790
4582 4583
9836 9837
54 55
1686 1687
763 764
503 504
1470 1471
4242 4243
9774 9775
3407 3408
1123 1124
4179 4180
5059 5060
9860 9861
7072 7073
6588 6589
6816 6817
4384 4385
6165 6166
2252 2253
730 731
7720 7721
4516 4517
6793 6794
1782 1783
1367 1368
6151 6152
8432 8433
3905 3906
7391 7392
1954 1955
7655 7656
8603 8604
1871 1872
9633 9634
623 624
7849 7850
1687 1688
5377 5378
8918 8919
8873 8874
2789 2790
2642 2643
9937 9938
4139 4140
2330 2331
1061 1062
9326 9327
5494 5495
4904 4905
7624 7625
5604 5605
3598 3599
9662 9663
4482 4483
8258 8259
7363 7364
6386 6387
1271 1272
117 118
6153 6154
5318 5319
1463 1464
6378 6379
8191 8192
1313 1314
5400 5401
1972 1973
8941 8942
3144 3145
2943 2944
1673 1674
428 429
9379 9380
8215 8216
8898 8899
1116 1117
4190 4191
5741 5742
3317 3318
7214 7215
7409 7410
7204 7205
5319 5320
6034 6035
321 322
8659 8660
1465 1466
9813 9814
2091 2092
7103 7104
2045 2046
4281 4282
2402 2403
5178 5179
5145 5146
8722 8723
6187 6188
3766 3767
1649 1650
7866 7867
4396 4397
6035 6036
9223 9224
3365 3366
2553 2554
9980 9981
323 324
5683 5684
3721 3722
9392 9393
7652 7653
6070 6071
6275 6276
1414 1415
3147 3148
871 872
6087 6088
910 911
8061 8062
5718 5719
4800 4801
4331 4332
6785 6786
9696 9697
7073 7074
4338 4339
6911 6912
2517 2518
8966 8967
2390 2391
8094 8095
8680 8681
9504 9505
911 912
6400 6401
278 279
2456 2457
5420 5421
2925 2926
7304 7305
6303 6304
2869 2870
9938 9939
1942 1943
3669 3670
2750 2751
672 673
351 352
5812 5813
6257 6258
3764 3765
3309 3310
5248 5249
3796 3797
2137 2138
2674 2675
7980 7981
842 843
8762 8763
601 602
3503 3504
1023 1024
1979 1980
7260 7261
7693 7694
3577 3578
3941 3942
1396 1397
9996 9997
897 898
7136 7137
3523 3524
1914 1915
8243 8244
3093 3094
9004 9005
8465 8466
3015 3016
7819 7820
2604 2605
5470 5471
5743 5744
8535 8536
1605 1606
9274 9275
2001 2002
5830 5831
6204 6205
4842 4843
1724 1725
5650 5651
3066 3067
1741 1742
509 510
6041 6042
1213 1214
7991 7992
1306 1307
7039 7040
5432 5433
7922 7923
7843 7844
5575 5576
5308 5309
6846 6847
8201 8202
8152 8153
8979 8980
8098 8099
8808 8809
9324 9325
2393 2394
5737 5738
9486 9487
1354 1355
8583 8584
5060 5061
3668 3669
6650 6651
3039 3040
4746 4747
2547 2548
9230 9231
3088 3089
288 289
1379 1380
4021 4022
4341 4342
5918 5919
7262 7263
6043 6044
7300 7301
1832 1833
8540 8541
7730 7731
9809 9810
2451 2452
4086 4087
4181 4182
7984 7985
4562 4563
2315 2316
4571 4572
4950 4951
4453 4454
6730 6731
53 54
743 744
9693 9694
6077 6078
5246 5247
3350 3351
8740 8741
3940 3941
6358 6359
4243 4244
2360 2361
2231 2232
5329 5330
4367 4368
3974 3975
2970 2971
5423 5424
1905 1906
5862 5863
5111 5112
7320 7321
2493 2494
2960 2961
7251 7252
2766 2767
3155 3156
501 502
9822 9823
1908 1909
4934 4935
3167 3168
3357 3358
7153 7154
7850 7851
8972 8973
6412 6413
3098 3099
5857 5858
939 940
3326 3327
1309 1310
9411 9412
4984 4985
657 658
3781 3782
8149 8150
6178 6179
1066 1067
1708 1709
2714 2715
9109 9110
4753 4754
2874 2875
3264 3265
2162 2163
9708 9709
3128 3129
7706 7707
6695 6696
729 730
7047 7048
800 801
9296 9297
3045 3046
2351 2352
9480 9481
5885 5886
3367 3368
1920 1921
6934 6935
6263 6264
1082 1083
9784 9785
2515 2516
950 951
7812 7813
9194 9195
1840 1841
9909 9910
9224 9225
1629 1630
4818 4819
2098 2099
4511 4512
8683 8684
5048 5049
2388 2389
7960 7961
4811 4812
3095 3096
2440 2441
1038 1039
1299 1300
3280 3281
7195 7196
8626 8627
4423 4424
1333 1334
8865 8866
6532 6533
4214 4215
5855 5856
6853 6854
838 839
3800 3801
9406 9407
1228 1229
3257 3258
5819 5820
281 282
4846 4847
954 955
429 430
8644 8645
3767 3768
1129 1130
1191 1192
8092 8093
7770 7771
6545 6546
562 563
4681 4682
731 732
9082 9083
7666 7667
2640 2641
7331 7332
8507 8508
4446 4447
5222 5223
4786 4787
8768 8769
7572 7573
5149 5150
4325 4326
7643 7644
7450 7451
1570 1571
8270 8271
9954 9955
8878 8879
9963 9964
698 699
9220 9221
8398 8399
7159 7160
5948 5949
9927 9928
2911 2912
2787 2788
4403 4404
5892 5893
8128 8129
2092 2093
6506 6507
7586 7587
2861 2862
8086 8087
444 445
3884 3885
469 470
8800 8801
962 963
5660 5661
2410 2411
7527 7528
5233 5234
7210 7211
5938 5939
6214 6215
4185 4186
7189 7190
2627 2628
6279 6280
9703 9704
1848 1849
8021 8022
9457 9458
1400 1401
201 202
6396 6397
443 444
4175 4176
8496 8497
271 272
7080 7081
1069 1070
4096 4097
9781 9782
8454 8455
6100 6101
2899 2900
4426 4427
5249 5250
7990 7991
6098 6099
5518 5519
2433 2434
1611 1612
1458 1459
8843 8844
1552 1553
5728 5729
8650 8651
5185 5186
3540 3541
2249 2250
8424 8425
6060 6061
2736 2737
923 924
4829 4830
3020 3021
1133 1134
5229 5230
3891 3892
3844 3845
3896 3897
523 524
5538 5539
445 446
5691 5692
6431 6432
3606 3607
6174 6175
849 850
459 460
5561 5562
5613 5614
8557 8558
4308 4309
7246 7247
253 254
5162 5163
218 219
9767 9768
8303 8304
4835 4836
9653 9654
2815 2816
6719 6720
5689 5690
968 969
4527 4528
2373 2374
5065 5066
3708 3709
4094 4095
6694 6695
5786 5787
13 14
6346 6347
2696 2697
4781 4782
4307 4308
5262 5263
2862 2863
5780 5781
8619 8620
6954 6955
8675 8676
6727 6728
8219 8220
1348 1349
7424 7425
8394 8395
7144 7145
3164 3165
650 651
5950 5951
7600 7601
8064 8065
5350 5351
6078 6079
8439 8440
5706 5707
967 968
7441 7442
152 153
4333 4334
531 532
1018 1019
5207 5208
1634 1635
2601 2602
6602 6603
7249 7250
4075 4076
7048 7049
6824 6825
1274 1275
9404 9405
5828 5829
2856 2857
5126 5127
7579 7580
1033 1034
805 806
2070 2071
9252 9253
932 933
1236 1237
2684 2685
5671 5672
2244 2245
5844 5845
8694 8695
3674 3675
3381 3382
4547 4548
4836 4837
4595 4596
2917 2918
4430 4431
1310 1311
8569 8570
314 315
2668 2669
6710 6711
5991 5992
1548 1549
2936 2937
1182 1183
6146 6147
9768 9769
5914 5915
5629 5630
7610 7611
1873 1874
6067 6068
7037 7038
4002 4003
1070 1071
4217 4218
4125 4126
5371 5372
5915 5916
5256 5257
391 392
8565 8566
8412 8413
3476 3477
9475 9476
6573 6574
1017 1018
8598 8599
4854 4855
4026 4027
1507 1508
1383 1384
1562 1563
7801 7802
6331 6332
378 379
8309 8310
3947 3948
397 398
9149 9150
577 578
6912 6913
7714 7715
4150 4151
3046 3047
388 389
9097 9098
5644 5645
6799 6800
8758 8759
6759 6760
5726 5727
8700 8701
362 363
6645 6646
4041 4042
7998 7999
7680 7681
7066 7067
5534 5535
6592 6593
6289 6290
6206 6207
2138 2139
6566 6567
7086 7087
8449 8450
89 90
502 503
8633 8634
6568 6569
2854 2855
9286 9287
8245 8246
2032 2033
4467 4468
9235 9236
7452 7453
4036 4037
7490 7491
2972 2973
7491 7492
2530 2531
160 161
1599 1600
6886 6887
6874 6875
9859 9860
4929 4930
8220 8221
9015 9016
7095 7096
1612 1613
4943 4944
3076 3077
2662 2663
8913 8914
327 328
8383 8384
5292 5293
140 141
5431 5432
2141 2142
8368 8369
4799 4800
6456 6457
9966 9967
1879 1880
4942 4943
4759 4760
3310 3311
2505 2506
3450 3451
1106 1107
1194 1195
3388 3389
685 686
4925 4926
5777 5778
2230 2231
8588 8589
4366 4367
6497 6498
9044 9045
7011 7012
560 561
3580 3581
5407 5408
6267 6268
5066 5067
76 77
3299 3300
3471 3472
574 575
4601 4602
5627 5628
7390 7391
760 761
3252 3253
372 373
4863 4864
452 453
2808 2809
5148 5149
7879 7880
659 660
7811 7812
2976 2977
5314 5315
6001 6002
5799 5800
259 260
6755 6756
6118 6119
3553 3554
6423 6424
5351 5352
5536 5537
3262 3263
829 830
7275 7276
283 284
7472 7473
2906 2907
6277 6278
1516 1517
6749 6750
1933 1934
2800 2801
9157 9158
1937 1938
5497 5498
8649 8650
1506 1507
8548 8549
9928 9929
7435 7436
5212 5213
8770 8771
9930 9931
8684 8685
7727 7728
9508 9509
8929 8930
7500 7501
5142 5143
7594 7595
1510 1511
4184 4185
1284 1285
8563 8564
5465 5466
2850 2851
5639 5640
4553 4554
1656 1657
9025 9026
7386 7387
5658 5659
5937 5938
529 530
6404 6405
7032 7033
8274 8275
3224 3225
4046 4047
9359 9360
2432 2433
9303 9304
2783 2784
7588 7589
308 309
7157 7158
5158 5159
1698 1699
2619 2620
264 265
6190 6191
3261 3262
6520 6521
3419 3420
6700 6701
8358 8359
3813 3814
1553 1554
2790 2791
9156 9157
9834 9835
1270 1271
6379 6380
5766 5767
7291 7292
516 517
239 240
2209 2210
1305 1306
7715 7716
3248 3249
6352 6353
8960 8961
4319 4320
4875 4876
9554 9555
8824 8825
3987 3988
6029 6030
4211 4212
4062 4063
2288 2289
6979 6980
399 400
9487 9488
2764 2765
1119 1120
1493 1494
9543 9544
5941 5942
9262 9263
9140 9141
986 987
9649 9650
5917 5918
6774 6775
234 235
4485 4486
5539 5540
5876 5877
1369 1370
9665 9666
3362 3363
2900 2901
2804 2805
1067 1068
8533 8534
3068 3069
5235 5236
1432 1433
953 954
974 975
2723 2724
3231 3232
5184 5185
9311 9312
2046 2047
5121 5122
1384 1385
9175 9176
8612 8613
4549 4550
2663 2664
5413 5414
8255 8256
1345 1346
2065 2066
3100 3101
1250 1251
4809 4810
8838 8839
7040 7041
9316 9317
166 167
5056 5057
410 411
9969 9970
2290 2291
5674 5675
1749 1750
2375 2376
4535 4536
7030 7031
8834 8835
2826 2827
845 846
4206 4207
832 833
8688 8689
4465 4466
2184 2185
4600 4601
9958 9959
9473 9474
2877 2878
8010 8011
9242 9243
4685 4686
3653 3654
6764 6765
8848 8849
692 693
6614 6615
6451 6452
137 138
7669 7670
1670 1671
8447 8448
6199 6200
1671 1672
3798 3799
7398 7399
7604 7605
3826 3827
4555 4556
2810 2811
5191 5192
2096 2097
5343 5344
5239 5240
6388 6389
8180 8181
4892 4893
3421 3422
4440 4441
3130 3131
8720 8721
7182 7183
8246 8247
5057 5058
3114 3115
6490 6491
6083 6084
9709 9710
4140 4141
4431 4432
482 483
4573 4574
7426 7427
5512 5513
3631 3632
2069 2070
4180 4181
3159 3160
3047 3048
5089 5090
7029 7030
7406 7407
857 858
3593 3594
3424 3425
6272 6273
9739 9740
28 29
3484 3485
9074 9075
990 991
5312 5313
6235 6236
2202 2203
559 560
4990 4991
975 976
4558 4559
6236 6237
3620 3621
1610 1611
9934 9935
5607 5608
5630 5631
723 724
2009 2010
8691 8692
6622 6623
5603 5604
5187 5188
4284 4285
8853 8854
5474 5475
7831 7832
587 588
4054 4055
2378 2379
7455 7456
5101 5102
8322 8323
458 459
110 111
9913 9914
9888 9889
1817 1818
3373 3374
3123 3124
4401 4402
193 194
1683 1684
4337 4338
9471 9472
5509 5510
2860 2861
6330 6331
5745 5746
7871 7872
1428 1429
2428 2429
7410 7411
6548 6549
4469 4470
7385 7386
2645 2646
1769 1770
5585 5586
105 106
5309 5310
1621 1622
505 506
7340 7341
4930 4931
9085 9086
1521 1522
2732 2733
2834 2835
5967 5968
708 709
2705 2706
3465 3466
5878 5879
4976 4977
8639 8640
2409 2410
8606 8607
1184 1185
236 237
5223 5224
7133 7134
7524 7525
549 550
7861 7862
4831 4832
2698 2699
9191 9192
3554 3555
738 739
5384 5385
4328 4329
1557 1558
1849 1850
8087 8088
2018 2019
628 629
5898 5899
9523 9524
7456 7457
1706 1707
1157 1158
2991 2992
508 509
4027 4028
6126 6127
8786 8787
2533 2534
8101 8102
2740 2741
153 154
3435 3436
8745 8746
3762 3763
6559 6560
1579 1580
8151 8152
6499 6500
1285 1286
627 628
3712 3713
1091 1092
6075 6076
2770 2771
3934 3935
8342 8343
4276 4277
3074 3075
3749 3750
9080 9081
4141 4142
8693 8694
4097 4098
3131 3132
8329 8330
3303 3304
3112 3113
4938 4939
740 741
8809 8810
9584 9585
9468 9469
4923 4924
2660 2661
1316 1317
3676 3677
5253 5254
2824 2825
5729 5730
1095 1096
4543 4544
8209 8210
9727 9728
9808 9809
2084 2085
7190 7191
8642 8643
1255 1256
1824 1825
994 995
9125 9126
9464 9465
2253 2254
5114 5115
7342 7343
1801 1802
4089 4090
3888 3889
7240 7241
7911 7912
3963 3964
855 856
3552 3553
6308 6309
7577 7578
818 819
3746 3747
1900 1901
492 493
4741 4742
8160 8161
3413 3414
8862 8863
3814 3815
8815 8816
5642 5643
8499 8500
987 988
2602 2603
8003 8004
6623 6624
9540 9541
7193 7194
6269 6270
6426 6427
7382 7383
670 671
7298 7299
7121 7122
3203 3204
1312 1313
5358 5359
7717 7718
1444 1445
5592 5593
6156 6157
3382 3383
4946 4947
1479 1480
9756 9757
3724 3725
7568 7569
1002 1003
8773 8774
9319 9320
2683 2684
3301 3302
4718 4719
3923 3924
4132 4133
8924 8925
4933 4934
6797 6798
7158 7159
2695 2696
4279 4280
9353 9354
782 783
631 632
904 905
9660 9661
2564 2565
7853 7854
3969 3970
2023 2024
5652 5653
9672 9673
3010 3011
4109 4110
2210 2211
8769 8770
3335 3336
4018 4019
8381 8382
4298 4299
7145 7146
7044 7045
2325 2326
328 329
4108 4109
8592 8593
770 771
2186 2187
636 637
9729 9730
7017 7018
9024 9025
5447 5448
961 962
256 257
7939 7940
3422 3423
416 417
8343 8344
3741 3742
575 576
5392 5393
9893 9894
3149 3150
7838 7839
6436 6437
9575 9576
3965 3966
6905 6906
5477 5478
3249 3250
5355 5356
8685 8686
5851 5852
8327 8328
5701 5702
4258 4259
4499 4500
6672 6673
6769 6770
840 841
8438 8439
8234 8235
5119 5120
7415 7416
2996 2997
5507 5508
5982 5983
1638 1639
7059 7060
1063 1064
3443 3444
4958 4959
5369 5370
1600 1601
3133 3134
1547 1548
7 8
712 713
1149 1150
8855 8856
2617 2618
4592 4593
7570 7571
6884 6885
15 16
3389 3390
9493 9494
3393 3394
3344 3345
2449 2450
8899 8900
8571 8572
5484 5485
2752 2753
653 654
915 916
9048 9049
8624 8625
6327 6328
1951 1952
966 967
364 365
7505 7506
9407 9408
3409 3410
2890 2891
4676 4677
1713 1714
3955 3956
5907 5908
4652 4653
9483 9484
6311 6312
4379 4380
2986 2987
5500 5501
4031 4032
2631 2632
8727 8728
1380 1381
1737 1738
8308 8309
6336 6337
2125 2126
8435 8436
289 290
8430 8431
7053 7054
2549 2550
2568 2569
3810 3811
2847 2848
3560 3561
71 72
6154 6155
2628 2629
9026 9027
1739 1740
6977 6978
2381 2382
7447 7448
7646 7647
427 428
6040 6041
6020 6021
7350 7351
4883 4884
8240 8241
6045 6046
1761 1762
6205 6206
6921 6922
9467 9468
5654 5655
2063 2064
2593 2594
7802 7803
1846 1847
5591 5592
374 375
7954 7955
2200 2201
8156 8157
2975 2976
996 997
8890 8891
1156 1157
2635 2636
3294 3295
1753 1754
9549 9550
4375 4376
3639 3640
5921 5922
5716 5717
7781 7782
9293 9294
7654 7655
9655 9656
7558 7559
5684 5685
1750 1751
655 656
2879 2880
9409 9410
6262 6263
2048 2049
439 440
6449 6450
7519 7520
5638 5639
1361 1362
4587 4588
6914 6915
6677 6678
6049 6050
3971 3972
7562 7563
4005 4006
25 26
7612 7613
474 475
946 947
7515 7516
6657 6658
5307 5308
56 57
5877 5878
8959 8960
6698 6699
3567 3568
121 122
5721 5722
1725 1726
2758 2759
9041 9042
7972 7973
5452 5453
8068 8069
744 745
1760 1761
3583 3584
6715 6716
3174 3175
9208 9209
5551 5552
4534 4535
3379 3380
5618 5619
7219 7220
1819 1820
9936 9937
2916 2917
9545 9546
9690 9691
5348 5349
8921 8922
4197 4198
6673 6674
5962 5963
357 358
4522 4523
9525 9526
1108 1109
149 150
9650 9651
2043 2044
6115 6116
6583 6584
5268 5269
6519 6520
3442 3443
6907 6908
704 705
1790 1791
3193 3194
7678 7679
2328 2329
4381 4382
2026 2027
6693 6694
8008 8009
100 101
7932 7933
5335 5336
2333 2334
7732 7733
7828 7829
4858 4859
9905 9906
1291 1292
9029 9030
6188 6189
6561 6562
468 469
6951 6952
5441 5442
652 653
2726 2727
8146 8147
6903 6904
8581 8582
9177 9178
9206 9207
3053 3054
9854 9855
819 820
2179 2180
2124 2125
8264 8265
1659 1660
7451 7452
6640 6641
1792 1793
843 844
7057 7058
3696 3697
8142 8143
3547 3548
277 278
3008 3009
4177 4178
262 263
6738 6739
4398 4399
1118 1119
2217 2218
2562 2563
132 133
7820 7821
2848 2849
1773 1774
2356 2357
5616 5617
4847 4848
8134 8135
1911 1912
7549 7550
4838 4839
6626 6627
7677 7678
8651 8652
1926 1927
9816 9817
7503 7504
2518 2519
6251 6252
9068 9069
9771 9772
4287 4288
542 543
933 934
6908 6909
3023 3024
5228 5229
9294 9295
2118 2119
4248 4249
7658 7659
2694 2695
3166 3167
2058 2059
5815 5816
9431 9432
2077 2078
4891 4892
733 734
6525 6526
931 932
6390 6391
91 92
914 915
2711 2712
2898 2899
7721 7722
9587 9588
9231 9232
724 725
654 655
3501 3502
7561 7562
9558 9559
3411 3412
6870 6871
3789 3790
2107 2108
7026 7027
2275 2276
7947 7948
2775 2776
5688 5689
9323 9324
1878 1879
539 540
6405 6406
1410 1411
4583 4584
6502 6503
385 386
1886 1887
9970 9971
8293 8294
899 900
7449 7450
8516 8517
9798 9799
5836 5837
5017 5018
2019 2020
1220 1221
6807 6808
5186 5187
2891 2892
9631 9632
4007 4008
6958 6959
9187 9188
8542 8543
2116 2117
3492 3493
118 119
1044 1045
4734 4735
7788 7789
2809 2810
9150 9151
2818 2819
7907 7908
4076 4077
2265 2266
643 644
4905 4906
5219 5220
9829 9830
8830 8831
2471 2472
1246 1247
3152 3153
5774 5775
4986 4987
4400 4401
6540 6541
868 869
3472 3473
9022 9023
9142 9143
7175 7176
7665 7666
1765 1766
3824 3825
3035 3036
9277 9278
184 185
8536 8537
7933 7934
8903 8904
2966 2967
9799 9800
6530 6531
3584 3585
7845 7846
5992 5993
7379 7380
9986 9987
1482 1483
9432 9433
9865 9866
2313 2314
1216 1217
5195 5196
102 103
7332 7333
3720 3721
3169 3170
9219 9220
4782 4783
5155 5156
965 966
6179 6180
1115 1116
7649 7650
4142 4143
6713 6714
6362 6363
5850 5851
404 405
5061 5062
1254 1255
9605 9606
2599 2600
1843 1844
1341 1342
1628 1629
4507 4508
7142 7143
5672 5673
687 688
1606 1607
1756 1757
5946 5947
4874 4875
7139 7140
2154 2155
6338 6339
4557 4558
4191 4192
7427 7428
675 676
6961 6962
4182 4183
8486 8487
9055 9056
8296 8297
6637 6638
3168 3169
4861 4862
9687 9688
6923 6924
6297 6298
9482 9483
4329 4330
1489 1490
5175 5176
5135 5136
9919 9920
660 661
6675 6676
9722 9723
6176 6177
9112 9113
4017 4018
7725 7726
5464 5465
6833 6834
714 715
6226 6227
9282 9283
1473 1474
1405 1406
7372 7373
9868 9869
190 191
8766 8767
7014 7015
2964 2965
30 31
9421 9422
1896 1897
1828 1829
5206 5207
309 310
1248 1249
2978 2979
7824 7825
5106 5107
386 387
9574 9575
3038 3039
758 759
2747 2748
9618 9619
5810 5811
547 548
5582 5583
9469 9470
9036 9037
792 793
9541 9542
2788 2789
5506 5507
9476 9477
7918 7919
1360 1361
7464 7465
9258 9259
8292 8293
7629 7630
7944 7945
7952 7953
9170 9171
344 345
834 835
7045 7046
4802 4803
2441 2442
5620 5621
7705 7706
7473 7474
7403 7404
3795 3796
6856 6857
9266 9267
2892 2893
789 790
8126 8127
4478 4479
5993 5994
4464 4465
5646 5647
1720 1721
1668 1669
3368 3369
8759 8760
4148 4149
8781 8782
375 376
701 702
7185 7186
5181 5182
6027 6028
8176 8177
6364 6365
7049 7050
6427 6428
3817 3818
633 634
9929 9930
8332 8333
5875 5876
2838 2839
61 62
83 84
4721 4722
6183 6184
478 479
3913 3914
787 788
8860 8861
2692 2693
9081 9082
1176 1177
9160 9161
2316 2317
7141 7142
4649 4650
5698 5699
6685 6686
6225 6226
4887 4888
4794 4795
1916 1917
5765 5766
7704 7705
4787 4788
7487 7488
3342 3343
9624 9625
8566 8567
3895 3896
3594 3595
867 868
9111 9112
434 435
4093 4094
4138 4139
4498 4499
7868 7869
2385 2386
1517 1518
682 683
2907 2908
7454 7455
5754 5755
4683 4684
8833 8834
7230 7231
9694 9695
8334 8335
2201 2202
7506 7507
3293 3294
8396 8397
1437 1438
850 851
8458 8459
734 735
5776 5777
7339 7340
2574 2575
6859 6860
4410 4411
9399 9400
3243 3244
5331 5332
5103 5104
4804 4805
6826 6827
3119 3120
5953 5954
2142 2143
9207 9208
4640 4641
2785 2786
9466 9467
244 245
4971 4972
7859 7860
1742 1743
4433 4434
1915 1916
1382 1383
6413 6414
1098 1099
3137 3138
9702 9703
5077 5078
6184 6185
9154 9155
3263 3264
58 59
5554 5555
4999 5000
209 210
9718 9719
2644 2645
494 495
172 173
5615 5616
7701 7702
9342 9343
2342 2343
2875 2876
9612 9613
3864 3865
8015 8016
5687 5688
5291 5292
7581 7582
8117 8118
4869 4870
4514 4515
5779 5780
1855 1856
4659 4660
6691 6692
4609 4610
4737 4738
7793 7794
5040 5041
5505 5506
6577 6578
8806 8807
6537 6538
4724 4725
27 28
5955 5956
1359 1360
6394 6395
9491 9492
9101 9102
9953 9954
2588 2589
4521 4522
6135 6136
3172 3173
1301 1302
9831 9832
9249 9250
2475 2476
3401 3402
4706 4707
2499 2500
7565 7566
5388 5389
4817 4818
360 361
5707 5708
746 747
2035 2036
6875 6876
3009 3010
7534 7535
1229 1230
1927 1928
4687 4688
8552 8553
4394 4395
5118 5119
3860 3861
717 718
4651 4652
4246 4247
9979 9980
5026 5027
3837 3838
9251 9252
9710 9711
4546 4547
1976 1977
9528 9529
2792 2793
2933 2934
1777 1778
3219 3220
9043 9044
9589 9590
8771 8772
2027 2028
1226 1227
6464 6465
676 677
6059 6060
42 43
6794 6795
2923 2924
7414 7415
3138 3139
3809 3810
8526 8527
7867 7868
5793 5794
1190 1191
8216 8217
6723 6724
8905 8906
7015 7016
5274 5275
480 481
9602 9603
4273 4274
7412 7413
7798 7799
5747 5748
2426 2427
7674 7675
4792 4793
583 584
831 832
2190 2191
7635 7636
7124 7125
9425 9426
3573 3574
908 909
5376 5377
1407 1408
1090 1091
7959 7960
8037 8038
913 914
3918 3919
6489 6490
3459 3460
666 667
3297 3298
5581 5582
8682 8683
5303 5304
3672 3673
1451 1452
5871 5872
4374 4375
1881 1882
3314 3315
4632 4633
4589 4590
8473 8474
2318 2319
4995 4996
8067 8068
5204 5205
1408 1409
5645 5646
5020 5021
5070 5071
9439 9440
4859 4860
9498 9499
8501 8502
2681 2682
6232 6233
3858 3859
5483 5484
7516 7517
9873 9874
6686 6687
1894 1895
8418 8419
9314 9315
9490 9491
4439 4440
5140 5141
2506 2507
1327 1328
2238 2239
8497 8498
3881 3882
5939 5940
7120 7121
222 223
8016 8017
3313 3314
7184 7185
2664 2665
3415 3416
8440 8441
8663 8664
5203 5204
1258 1259
9377 9378
6725 6726
5411 5412
8313 8314
9189 9190
9621 9622
1357 1358
4871 4872
2944 2945
3083 3084
5498 5499
3414 3415
4419 4420
2654 2655
9308 9309
7405 7406
9032 9033
6594 6595
51 52
8590 8591
8554 8555
4270 4271
2438 2439
2454 2455
7085 7086
5542 5543
6756 6757
2967 2968
8120 8121
5028 5029
1787 1788
7334 7335
178 179
4505 4506
823 824
5643 5644
80 81
5294 5295
4796 4797
8023 8024
8511 8512
4725 4726
9165 9166
7448 7449
6591 6592
7875 7876
2529 2530
1950 1951
2670 2671
4236 4237
3140 3141
2004 2005
885 886
5129 5130
718 719
9196 9197
8958 8959
241 242
1774 1775
3454 3455
1401 1402
7321 7322
3875 3876
6981 6982
74 75
5359 5360
2383 2384
7642 7643
7278 7279
2495 2496
5211 5212
2250 2251
3735 3736
2081 2082
3259 3260
4448 4449
9000 9001
6130 6131
4686 4687
3037 3038
2846 2847
6982 6983
1632 1633
7835 7836
809 810
2297 2298
7929 7930
4671 4672
8379 8380
4050 4051
9635 9636
9663 9664
6292 6293
8593 8594
8893 8894
2339 2340
4937 4938
9287 9288
4921 4922
6318 6319
4312 4313
2817 2818
7148 7149
2793 2794
3395 3396
2734 2735
9367 9368
9256 9257
4166 4167
8272 8273
406 407
8836 8837
6733 6734
5981 5982
5278 5279
9210 9211
2176 2177
2779 2780
52 53
4463 4464
3856 3857
4928 4929
7460 7461
9479 9480
5069 5070
292 293
1496 1497
4704 4705
9009 9010
2061 2062
6424 6425
6609 6610
6947 6948
3776 3777
7710 7711
661 662
4293 4294
3742 3743
483 484
2979 2980
6851 6852
9446 9447
354 355
8604 8605
7830 7831
757 758
1580 1581
5245 5246
3404 3405
688 689
3184 3185
2103 2104
8805 8806
8350 8351
6620 6621
6803 6804
5675 5676
6552 6553
7927 7928
4353 4354
6696 6697
6341 6342
2825 2826
8455 8456
9527 9528
2329 2330
7920 7921
1358 1359
5454 5455
2710 2711
1282 1283
2295 2296
4593 4594
4544 4545
1783 1784
8888 8889
426 427
6780 6781
2586 2587
7420 7421
6606 6607
9069 9070
1128 1129
3161 3162
4559 4560
7607 7608
6711 6712
454 455
2813 2814
5347 5348
1560 1561
6929 6930
618 619
5635 5636
6064 6065
1161 1162
6948 6949
1834 1835
9886 9887
2083 2084
9826 9827
9461 9462
5173 5174
9522 9523
8084 8085
6389 6390
6989 6990
4667 4668
1027 1028
2444 2445
604 605
6953 6954
8251 8252
1328 1329
4422 4423
8026 8027
6074 6075
7001 7002
6534 6535
9148 9149
7686 7687
9090 9091
924 925
6831 6832
2462 2463
348 349
4893 4894
7742 7743
9908 9909
2287 2288
423 424
6470 6471
242 243
5597 5598
7724 7725
6972 6973
8732 8733
7423 7424
3841 3842
5132 5133
3022 3023
992 993
7465 7466
5832 5833
7823 7824
9455 9456
3755 3756
1193 1194
3978 3979
2761 2762
2343 2344
3645 3646
881 882
2691 2692
6061 6062
6048 6049
211 212
5843 5844
3951 3952
5406 5407
249 250
886 887
9880 9881
5090 5091
2414 2415
8009 8010
1940 1941
8244 8245
2010 2011
6196 6197
96 97
8210 8211
3311 3312
7772 7773
4864 4865
1494 1495
4057 4058
4048 4049
1906 1907
863 864
8880 8881
6810 6811
556 557
2134 2135
1890 1891
2537 2538
7670 7671
3869 3870
2334 2335
7687 7688
433 434
3028 3029
2467 2468
541 542
3279 3280
145 146
8500 8501
1677 1678
5622 5623
3222 3223
3907 3908
1730 1731
5923 5924
6071 6072
7396 7397
683 684
7110 7111
5455 5456
4361 4362
6136 6137
2786 2787
5858 5859
3146 3147
7422 7423
6647 6648
6736 6737
7052 7053
1462 1463
78 79
2746 2747
9330 9331
3805 3806
9241 9242
9394 9395
2522 2523
2843 2844
2248 2249
6046 6047
5865 5866
999 1000
6639 6640
224 225
4727 4728
8212 8213
7661 7662
6439 6440
534 535
1734 1735
4700 4701
7827 7828
6613 6614
4615 4616
8167 8168
4479 4480
6957 6958
1042 1043
3121 3122
925 926
1688 1689
2159 2160
8318 8319
8114 8115
1148 1149
1813 1814
6962 6963
4509 4510
6980 6981
1490 1491
585 586
2307 2308
8637 8638
7106 7107
3332 3333
580 581
7573 7574
1882 1883
651 652
7837 7838
305 306
4241 4242
413 414
6452 6453
828 829
983 984
2007 2008
4747 4748
1134 1135
3765 3766
1779 1780
705 706
9174 9175
735 736
5043 5044
1918 1919
4513 4514
4468 4469
8469 8470
8538 8539
5510 5511
1810 1811
4991 4992
5024 5025
815 816
226 227
6088 6089
7250 7251
1695 1696
7135 7136
3949 3950
4545 4546
3504 3505
3277 3278
6155 6156
3558 3559
6633 6634
9699 9700
7851 7852
3996 3997
7746 7747
425 426
2795 2796
648 649
722 723
8751 8752
4955 4956
3806 3807
7042 7043
2437 2438
6086 6087
8306 8307
8630 8631
8954 8955
9255 9256
9887 9888
6105 6106
8206 8207
6149 6150
3882 3883
3142 3143
4033 4034
4455 4456
9016 9017
1827 1828
952 953
2821 2822
773 774
9176 9177
161 162
5934 5935
5124 5125
6281 6282
784 785
4738 4739
9641 9642
7353 7354
7180 7181
4870 4871
6717 6718
2226 2227
6745 6746
6791 6792
8372 8373
120 121
8223 8224
3582 3583
7076 7077
8814 8815
9459 9460
181 182
1245 1246
3659 3660
8509 8510
3281 3282
905 906
3000 3001
1097 1098
5071 5072
7359 7360
4698 4699
3175 3176
394 395
3361 3362
1295 1296
8125 8126
5051 5052
8908 8909
6880 6881
826 827
198 199
8189 8190
6770 6771
2278 2279
7297 7298
3117 3118
9783 9784
6635 6636
5979 5980
7319 7320
9616 9617
5746 5747
9362 9363
890 891
5183 5184
9238 9239
1721 1722
3473 3474
2135 2136
9363 9364
8393 8394
3904 3905
1043 1044
4851 4852
9891 9892
2576 2577
4664 4665
9452 9453
6718 6719
6828 6829
9128 9129
1998 1999
8030 8031
2575 2576
2803 2804
7904 7905
4614 4615
8667 8668
8102 8103
7782 7783
884 885
2308 2309
9086 9087
3585 3586
5157 5158
6147 6148
4780 4781
9607 9608
464 465
5220 5221
8006 8007
4330 4331
9705 9706
7440 7441
536 537
9565 9566
4020 4021
8121 8122
9284 9285
4117 4118
8867 8868
1126 1127
9283 9284
889 890
4554 4555
7739 7740
2270 2271
9669 9670
7208 7209
5261 5262
1491 1492
9967 9968
6986 6987
7234 7235
7004 7005
8530 8531
544 545
916 917
8498 8499
9819 9820
6350 6351
2136 2137
4996 4997
442 443
768 769
5323 5324
550 551
7293 7294
1875 1876
275 276
8235 8236
1762 1763
6409 6410
3386 3387
8416 8417
9642 9643
887 888
2228 2229
3555 3556
8625 8626
9896 9897
9704 9705
8799 8800
4289 4290
4074 4075
7664 7665
3892 3893
8363 8364
7343 7344
3044 3045
5034 5035
4993 4994
5390 5391
7501 7502
6847 6848
41 42
1648 1649
2431 2432
2031 2032
6790 6791
254 255
9654 9655
4998 4999
1051 1052
2704 2705
9201 9202
3160 3161
765 766
3302 3303
2920 2921
3692 3693
1693 1694
295 296
1013 1014
5807 5808
5501 5502
640 641
7443 7444
7895 7896
2017 2018
112 113
8159 8160
8442 8443
4226 4227
150 151
4056 4057
1232 1233
5535 5536
8384 8385
3059 3060
825 826
3732 3733
8420 8421
5143 5144
6872 6873
5751 5752
872 873
251 252
1989 1990
3736 3737
3991 3992
2977 2978
3832 3833
5820 5821
9166 9167
7462 7463
1315 1316
6572 6573
5628 5629
8070 8071
7694 7695
6514 6515
728 729
7392 7393
9651 9652
2989 2990
7138 7139
1799 1800
8776 8777
8172 8173
8889 8890
9987 9988
4314 4315
4778 4779
8222 8223
276 277
4622 4623
2987 2988
8178 8179
147 148
389 390
3213 3214
3343 3344
7555 7556
6608 6609
8510 8511
9484 9485
2005 2006
2207 2208
941 942
5558 5559
6399 6400
2246 2247
2155 2156
3745 3746
3635 3636
329 330
9063 9064
4112 4113
2894 2895
3061 3062
2407 2408
1427 1428
6975 6976
6992 6993
1153 1154
7815 7816
3980 3981
3124 3125
1311 1312
1272 1273
9832 9833
7942 7943
2191 2192
8692 8693
3794 3795
535 536
1021 1022
9961 9962
6009 6010
1825 1826
7979 7980
5928 5929
8723 8724
3959 3960
690 691
6028 6029
4894 4895
6446 6447
976 977
4523 4524
6479 6480
296 297
5686 5687
7996 7997
671 672
6906 6907
5385 5386
200 201
7387 7388
8906 8907
9920 9921
9334 9335
3704 3705
5405 5406
1501 1502
1415 1416
7140 7141
70 71
7432 7433
1587 1588
7623 7624
4732 4733
9713 9714
7341 7342
2478 2479
6963 6964
8057 8058
2150 2151
4954 4955
3026 3027
1529 1530
2427 2428
677 678
228 229
7328 7329
221 222
5808 5809
5237 5238
764 765
7231 7232
4635 4636
543 544
9867 9868
2338 2339
7695 7696
5271 5272
2634 2635
5462 5463
5074 5075
1241 1242
4402 4403
5784 5785
7090 7091
7417 7418
3939 3940
5234 5235
2725 2726
3714 3715
7163 7164
4616 4617
3944 3945
3457 3458
7863 7864
6943 6944
3656 3657
3495 3496
2945 2946
6290 6291
3926 3927
9485 9486
7722 7723
2947 2948
7266 7267
8414 8415
6842 6843
6271 6272
6349 6350
6616 6617
488 489
1515 1516
7425 7426
4612 4613
9591 9592
5673 5674
646 647
3251 3252
1970 1971
2401 2402
1127 1128
7591 7592
223 224
9018 9019
2528 2529
1165 1166
7255 7256
6651 6652
2429 2430
8939 8940
8413 8414
9049 9050
6966 6967
8148 8149
4702 4703
906 907
6319 6320
9770 9771
9338 9339
1569 1570
5685 5686
4830 4831
5035 5036
6748 6749
5872 5873
376 377
6169 6170
9989 9990
797 798
2844 2845
5167 5168
2507 2508
982 983
3562 3563
9056 9057
2489 2490
4023 4024
554 555
5322 5323
2665 2666
6714 6715
31 32
8448 8449
6919 6920
7446 7447
5903 5904
4487 4488
6285 6286
5761 5762
8283 8284
8623 8624
3709 3710
1331 1332
540 541
6551 6552
1434 1435
5439 5440
9869 9870
1152 1153
3605 3606
776 777
6838 6839
6720 6721
2581 2582
7800 7801
566 567
8328 8329
3069 3070
6898 6899
43 44
6993 6994
1125 1126
6414 6415
4274 4275
7919 7920
8852 8853
7286 7287
6160 6161
5375 5376
4578 4579
7212 7213
9876 9877
6678 6679
7773 7774
4006 4007
1113 1114
9960 9961
9141 9142
7094 7095
133 134
2296 2297
7754 7755
5478 5479
9731 9732
4118 4119
3799 3800
55 56
8930 8931
9118 9119
9415 9416
3359 3360
6574 6575
7067 7068
2605 2606
6888 6889
6815 6816
510 511
9193 9194
7183 7184
7880 7881
4028 4029
3885 3886
8920 8921
6659 6660
6252 6253
4974 4975
4981 4982
2859 2860
5450 5451
955 956
5909 5910
4670 4671
1281 1282
9910 9911
7684 7685
8031 8032
6450 6451
6463 6464
7540 7541
6222 6223
9629 9630
8618 8619
6430 6431
9882 9883
1060 1061
5387 5388
7488 7489
4574 4575
6478 6479
4143 4144
219 220
8338 8339
3305 3306
8845 8846
7243 7244
4322 4323
1500 1501
1012 1013
3390 3391
4606 4607
7887 7888
9259 9260
7162 7163
9719 9720
4069 4070
624 625
4898 4899
8674 8675
1456 1457
6565 6566
1869 1870
3528 3529
6486 6487
9507 9508
8109 8110
9636 9637
2897 2898
6771 6772
5011 5012
3125 3126
462 463
3570 3571
9885 9886
7945 7946
9943 9944
8647 8648
65 66
8056 8057
2076 2077
3284 3285
8826 8827
7728 7729
8320 8321
131 132
5891 5892
592 593
4101 4102
8214 8215
2352 2353
9878 9879
6266 6267
1264 1265
6508 6509
1839 1840
240 241
4355 4356
5041 5042
7296 7297
2165 2166
403 404
5927 5928
3500 3501
2303 2304
2146 2147
7370 7371
8646 8647
7616 7617
8150 8151
245 246
2963 2964
4444 4445
2650 2651
9568 9569
7790 7791
9844 9845
6017 6018
1936 1937
9861 9862
3744 3745
9714 9715
7114 7115
487 488
5750 5751
6595 6596
6716 6717
3163 3164
6181 6182
3331 3332
3638 3639
2139 2140
7502 7503
6598 6599
230 231
2857 2858
5492 5493
4198 4199
2344 2345
7810 7811
7118 7119
5520 5521
7393 7394
9373 9374
3514 3515
6546 6547
38 39
7002 7003
1623 1624
9632 9633
1794 1795
6022 6023
6706 6707
5661 5662
6030 6031
3819 3820
5097 5098
9680 9681
5147 5148
7864 7865
6356 6357
7474 7475
725 726
2632 2633
9594 9595
7222 7223
5374 5375
4405 4406
4867 4868
7637 7638
9546 9547
4035 4036
3893 3894
3641 3642
9390 9391
6276 6277
8466 8467
7484 7485
3983 3984
37 38
4568 4569
8185 8186
8284 8285
7287 7288
6487 6488
8629 8630
9744 9745
8385 8386
1057 1058
2366 2367
1474 1475
7514 7515
9136 9137
5327 5328
9159 9160
4872 4873
5912 5913
3576 3577
6855 6856
4733 4734
8955 8956
8870 8871
9145 9146
8912 8913
4103 4104
7780 7781
7946 7947
4311 4312
3469 3470
2054 2055
2396 2397
5985 5986
7910 7911
3321 3322
3110 3111
3821 3822
8022 8023
5037 5038
4389 4390
1822 1823
8782 8783
4315 4316
4151 4152
1269 1270
5559 5560
7401 7402
6670 6671
2274 2275
122 123
5690 5691
4577 4578
9842 9843
9233 9234
7992 7993
5205 5206
5082 5083
3839 3840
1574 1575
9143 9144
1096 1097
8356 8357
4443 4444
7609 7610
2353 2354
4386 4387
2394 2395
5905 5906
1077 1078
5519 5520
8573 8574
8998 8999
5711 5712
257 258
4978 4979
4013 4014
8846 8847
1577 1578
6841 6842
9139 9140
371 372
638 639
6940 6941
7112 7113
4952 4953
7477 7478
3777 3778
7974 7975
5479 5480
6304 6305
5926 5927
2242 2243
9126 9127
5883 5884
6370 6371
2037 2038
6229 6230
109 110
6208 6209
6437 6438
1736 1737
1239 1240
694 695
1243 1244
7146 7147
1076 1077
6549 6550
2503 2504
3961 3962
9237 9238
609 610
8315 8316
2841 2842
7963 7964
4680 4681
7087 7088
9268 9269
5695 5696
6312 6313
7360 7361
1503 1504
2849 2850
5693 5694
9098 9099
9364 9365
441 442
9008 9009
1151 1152
5062 5063
5081 5082
214 215
4472 4473
2470 2471
1110 1111
9383 9384
4081 4082
422 423
4078 4079
6955 6956
8746 8747
1368 1369
5152 5153
7196 7197
7028 7029
7697 7698
9536 9537
4470 4471
4358 4359
7583 7584
8760 8761
4131 4132
2801 2802
7601 7602
7075 7076
3652 3653
5179 5180
761 762
4256 4257
6542 6543
9890 9891
21 22
7388 7389
3298 3299
5580 5581
7179 7180
4099 4100
409 410
7522 7523
6956 6957
7288 7289
3997 3998
243 244
673 674
9995 9996
7656 7657
3255 3256
3266 3267
3221 3222
1532 1533
2384 2385
8082 8083
5094 5095
1029 1030
7825 7826
8564 8565
7566 7567
7786 7787
436 437
6353 6354
551 552
2156 2157
6526 6527
5668 5669
5289 5290
8171 8172
4450 4451
2090 2091
4363 4364
2442 2443
7399 7400
2122 2123
3218 3219
555 556
4058 4059
8106 8107
6936 6937
6543 6544
9659 9660
5296 5297
5705 5706
6839 6840
4347 4348
1582 1583
9033 9034
6931 6932
2362 2363
479 480
220 221
3535 3536
9042 9043
8431 8432
8657 8658
4538 4539
3447 3448
8946 8947
3525 3526
4173 4174
6047 6048
6218 6219
8042 8043
7302 7303
1055 1056
5545 5546
203 204
1170 1171
5868 5869
949 950
8636 8637
7463 7464
6398 6399
5018 5019
8681 8682
6746 6747
3052 3053
5182 5183
8634 8635
6429 6430
2778 2779
7525 7526
8441 8442
8570 8571
7653 7654
5730 5731
5710 5711
9051 9052
4987 4988
7016 7017
2715 2716
6933 6934
7172 7173
4195 4196
7105 7106
8539 8540
3067 3068
4213 4214
7914 7915
3141 3142
7620 7621
9434 9435
6618 6619
8558 8559
6655 6656
6617 6618
6057 6058
1484 1485
5446 5447
9853 9854
8654 8655
8460 8461
2320 2321
6477 6478
1004 1005
1935 1936
2686 2687
1477 1478
1024 1025
7115 7116
8997 8998
7521 7522
3729 3730
8493 8494
9752 9753
5563 5564
4884 4885
156 157
2649 2650
9317 9318
3825 3826
6761 6762
852 853
8481 8482
9103 9104
4888 4889
8278 8279
3254 3255
8812 8813
4650 4651
7891 7892
9513 9514
1268 1269
9368 9369
3728 3729
7036 7037
7941 7942
1607 1608
3380 3381
8587 8588
127 128
3080 3081
3253 3254
5888 5889
5624 5625
1340 1341
9503 9504
3615 3616
8992 8993
3135 3136
7614 7615
1982 1983
2067 2068
3430 3431
4297 4298
2918 2919
5816 5817
1903 1904
5606 5607
9848 9849
9795 9796
1630 1631
3634 3635
94 95
1546 1547
9345 9346
841 842
77 78
7784 7785
176 177
5572 5573
8027 8028
4370 4371
1334 1335
1759 1760
1224 1225
726 727
793 794
3464 3465
3225 3226
279 280
1195 1196
1520 1521
9700 9701
1987 1988
1492 1493
8900 8901
0 1
9610 9611
2341 2342
9556 9557
3270 3271
2712 2713
6228 6229
5809 5810
1283 1284
9426 9427
5115 5116
8847 8848
5895 5896
9863 9864
1929 1930
8048 8049
8427 8428
6182 6183
8004 8005
9040 9041
3733 3734
7736 7737
8233 8234
6084 6085
9131 9132
7985 7986
1388 1389
810 811
2128 2129
7671 7672
4501 4502
8677 8678
3550 3551
3921 3922
4144 4145
1210 1211
8993 8994
9050 9051
1738 1739
9197 9198
3561 3562
5594 5595
497 498
6871 6872
5893 5894
8559 8560
3033 3034
7027 7028
5435 5436
4388 4389
7116 7117
8422 8423
6751 6752
8706 8707
197 198
1990 1991
934 935
2700 2701
7256 7257
5632 5633
9027 9028
2049 2050
3477 3478
195 196
8556 8557
2713 2714
6375 6376
3900 3901
1089 1090
9203 9204
2282 2283
5302 5303
528 529
8434 8435
6660 6661
1298 1299
8531 8532
1874 1875
4708 4709
926 927
4722 4723
1209 1210
1218 1219
2206 2207
1533 1534
1147 1148
4445 4446
6722 6723
3036 3037
9857 9858
3487 3488
6073 6074
715 716
6142 6143
5584 5585
3852 3853
4169 4170
9065 9066
3899 3900
6243 6244
7888 7889
4682 4683
4994 4995
7948 7949
9092 9093
8164 8165
8409 8410
3597 3598
6107 6108
2006 2007
4259 4260
5548 5549
5913 5914
5244 5245
4744 4745
6786 6787
9155 9156
1662 1663
4824 4825
6615 6616
8174 8175
9104 9105
7035 7036
951 952
8820 8821
6544 6545
7557 7558
7789 7790
7338 7339
4310 4311
4832 4833
7872 7873
4437 4438
3727 3728
3845 3846
8411 8412
1227 1228
2938 2939
6233 6234
1945 1946
2830 2831
9146 9147
5397 5398
5144 5145
6345 6346
7283 7284
6014 6015
6382 6383
5025 5026
2148 2149
762 763
9664 9665
1675 1676
1821 1822
5703 5704
4624 4625
2737 2738
5956 5957
6959 6960
346 347
634 635
8811 8812
2223 2224
8183 8184
7206 7207
6560 6561
5804 5805
6282 6283
9638 9639
4823 4824
909 910
9130 9131
3931 3932
5972 5973
6724 6725
6024 6025
261 262
1047 1048
3871 3872
9805 9806
7757 7758
4779 4780
3838 3839
9872 9873
8763 8764
4123 4124
1211 1212
4788 4789
6008 6009
6634 6635
2981 2982
6743 6744
1682 1683
8261 8262
5480 5481
2117 2118
4134 4135
3670 3671
6866 6867
6150 6151
4409 4410
9645 9646
7699 7700
4492 4493
3072 3073
2741 2742
7241 7242
1966 1967
1122 1123
8950 8951
964 965
8943 8944
87 88
1701 1702
4900 4901
7877 7878
2400 2401
5814 5815
9239 9240
5656 5657
5555 5556
9164 9165
801 802
9791 9792
2398 2399
7592 7593
9841 9842
1173 1174
658 659
216 217
1329 1330
5775 5776
5320 5321
1971 1972
9094 9095
1480 1481
1513 1514
1689 1690
7307 7308
8392 8393
3034 3035
1487 1488
6325 6326
7894 7895
4354 4355
7683 7684
1420 1421
7860 7861
4626 4627
6697 6698
2321 2322
9944 9945
4227 4228
4484 4485
1969 1970
2482 2483
4188 4189
6644 6645
1201 1202
3349 3350
3143 3144
5831 5832
5487 5488
8378 8379
3527 3528
4631 4632
5884 5885
1856 1857
2739 2740
4720 4721
7777 7778
4334 4335
7247 7248
5762 5763
4826 4827
6474 6475
4980 4981
3711 3712
6415 6416
4466 4467
4908 4909
4377 4378
3272 3273
4909 4910
5190 5191
1957 1958
2369 2370
8985 8986
8158 8159
3198 3199
7098 7099
5429 5430
9309 9310
8673 8674
8995 8996
3183 3184
4769 4770
6776 6777
752 753
3475 3476
6005 6006
9058 9059
310 311
338 339
8742 8743
1613 1614
8676 8677
334 335
2633 2634
6247 6248
2866 2867
6324 6325
116 117
7536 7537
1199 1200
8785 8786
8975 8976
3199 3200
1168 1169
237 238
8491 8492
8832 8833
317 318
141 142
3077 3078
7768 7769
2189 2190
2473 2474
8703 8704
777 778
2887 2888
8072 8073
8196 8197
6726 6727
6194 6195
4372 4373
8990 8991
3626 3627
9957 9958
3162 3163
6522 6523
7978 7979
9539 9540
1746 1747
3461 3462
438 439
1120 1121
8549 8550
3428 3429
1743 1744
4342 4343
4565 4566
3957 3958
1857 1858
4715 4716
7220 7221
8621 8622
9393 9394
869 870
7633 7634
1643 1644
6687 6688
4146 4147
8239 8240
1891 1892
4159 4160
6023 6024
4087 4088
7198 7199
1859 1860
233 234
591 592
617 618
4668 4669
4749 4750
2942 2943
7362 7363
4502 4503
5438 5439
8252 8253
3743 3744
9501 9502
9862 9863
4316 4317
4717 4718
3578 3579
8952 8953
7639 7640
4691 4692
353 354
7347 7348
8001 8002
5301 5302
2622 2623
8534 8535
6926 6927
6081 6082
5461 5462
8100 8101
1593 1594
12 13
5960 5961
1968 1969
9899 9900
1800 1801
4323 4324
9803 9804
8635 8636
1045 1046
8580 8581
6653 6654
9147 9148
3510 3511
3187 3188
5715 5716
5221 5222
6569 6570
5649 5650
4849 4850
6876 6877
7885 7886
8875 8876
8204 8205
3513 3514
790 791
625 626
9061 9062
1423 1424
6476 6477
4878 4879
5168 5169
4968 4969
2948 2949
7170 7171
5300 5301
6890 6891
6849 6850
4920 4921
7679 7680
267 268
2582 2583
656 657
5608 5609
3 4
5214 5215
3269 3270
5141 5142
4572 4573
7719 7720
8007 8008
8615 8616
9066 9067
2464 2465
4912 4913
662 663
6185 6186
4825 4826
1502 1503
9902 9903
6342 6343
775 776
2220 2221
7166 7167
3229 3230
3725 3726
3204 3205
9360 9361
8668 8669
3287 3288
8336 8337
5236 5237
1964 1965
779 780
1838 1839
8376 8377
2463 2464
4696 4697
2853 2854
8699 8700
4784 4785
8208 8209
8748 8749
9627 9628
215 216
2962 2963
2416 2417
5341 5342
98 99
1467 1468
1142 1143
6411 6412
5637 5638
9804 9805
4772 4773
3517 3518
2718 2719
9087 9088
8461 8462
1402 1403
6280 6281
7384 7385
4807 4808
6120 6121
1854 1855
1389 1390
1571 1572
2791 2792
3835 3836
9973 9974
507 508
5459 5460
2468 2469
3205 3206
7292 7293
7207 7208
5166 5167
9509 9510
3920 3921
7750 7751
4690 4691
6157 6158
7197 7198
1235 1236
8478 8479
6649 6650
602 603
2434 2435
2755 2756
7542 7543
8547 8548
4320 4321
2086 2087
5859 5860
7890 7891
4201 4202
7349 7350
4305 4306
148 149
7088 7089
8294 8295
90 91
3754 3755
7471 7472
619 620
8983 8984
3763 3764
2229 2230
4008 4009
1325 1326
1740 1741
1440 1441
207 208
405 406
6246 6247
7113 7114
2299 2300
7606 7607
9782 9783
5957 5958
2929 2930
4122 4123
5128 5129
5621 5622
1663 1664
330 331
3462 3463
945 946
9940 9941
8074 8075
9410 9411
349 350
477 478
2623 2624
6166 6167
582 583
5713 5714
9192 9193
6501 6502
7226 7227
7951 7952
3862 3863
8597 8598
318 319
8717 8718
6970 6971
4594 4595
5531 5532
8425 8426
7756 7757
8935 8936
6458 6459
6273 6274
8053 8054
7211 7212
1536 1537
9766 9767
2319 2320
3603 3604
3990 3991
7795 7796
5600 5601
455 456
6109 6110
4897 4898
980 981
2955 2956
3355 3356
4332 4333
2971 2972
2132 2133
7395 7396
3366 3367
4758 4759
8083 8084
2552 2553
8868 8869
2566 2567
1247 1248
506 507
6385 6386
9424 9425
527 528
3306 3307
9291 9292
7428 7429
5171 5172
9273 9274
2851 2852
1744 1745
5577 5578
7227 7228
9389 9390
2621 2622
2754 2755
4985 4986
7805 7806
2903 2904
5540 5541
6646 6647
6291 6292
5154 5155
8876 8877
48 49
6106 6107
64 65
7630 7631
3689 3690
7442 7443
2693 2694
9052 9053
1175 1176
5989 5990
1145 1146
7316 7317
6114 6115
8069 8070
9551 9552
4263 4264
1592 1593
4822 4823
4619 4620
9349 9350
5974 5975
2598 2599
7970 7971
9257 9258
9153 9154
2170 2171
8195 8196
2212 2213
6704 6705
4903 4904
7054 7055
1922 1923
4713 4714
8671 8672
9619 9620
5029 5030
9524 9525
2458 2459
2235 2236
1464 1465
2982 2983
1138 1139
7766 7767
4414 4415
3700 3701
970 971
8487 8488
6441 6442
4777 4778
2708 2709
3320 3321
7084 7085
5906 5907
9856 9857
6937 6938
6428 6429
5619 5620
3329 3330
3126 3127
5389 5390
1684 1685
9955 9956
8402 8403
3790 3791
1633 1634
8456 8457
2314 2315
7063 7064
1625 1626
8936 8937
6079 6080
1318 1319
6037 6038
8113 8114
3463 3464
9579 9580
6619 6620
703 704
2166 2167
1504 1505
3549 3550
9102 9103
9408 9409
7238 7239
5513 5514
6945 6946
9644 9645
3480 3481
557 558
4977 4978
1591 1592
2535 2536
9060 9061
7504 7505
5794 5795
5791 5792
5088 5089
6642 6643
2868 2869
858 859
709 710
6363 6364
2738 2739
1035 1036
6808 6809
5005 5006
5925 5926
1371 1372
874 875
5861 5862
4531 4532
5422 5423
3021 3022
6021 6022
4570 4571
1888 1889
2205 2206
9344 9345
2093 2094
6256 6257
5490 5491
2669 2670
5381 5382
5050 5051
2655 2656
1471 1472
2513 2514
1864 1865
8476 8477
6927 6928
3942 3943
6652 6653
7479 7480
1748 1749
8475 8476
7181 7182
101 102
5451 5452
1426 1427
1144 1145
2763 2764
2221 2222
2370 2371
1820 1821
7074 7075
7900 7901
5170 5171
4116 4117
9474 9475
1545 1546
9212 9213
8859 8860
2571 2572
1901 1902
5735 5736
6091 6092
4941 4942
8198 8199
8854 8855
4751 4752
6563 6564
5864 5865
6200 6201
4493 4494
1026 1027
6632 6633
8948 8949
7324 7325
3091 3092
4768 4769
9229 9230
8505 8506
5796 5797
993 994
6688 6689
1999 2000
7104 7105
8371 8372
5562 5563
5552 5553
9923 9924
4963 4964
4435 4436
5419 5420
5488 5489
929 930
5722 5723
7731 7732
4882 4883
1586 1587
7878 7879
157 158
8062 8063
9002 9003
5218 5219
948 949
5528 5529
6536 6537
1230 1231
9107 9108
2729 2730
3812 3813
6820 6821
9134 9135
387 388
8018 8019
7482 7483
7497 7498
2551 2552
8063 8064
7101 7102
4957 4958
4457 4458
2680 2681
2656 2657
6909 6910
4889 4890
9302 9303
9465 9466
4357 4358
6767 6768
5924 5925
4969 4970
6161 6162
3223 3224
3017 3018
6255 6256
9341 9342
9100 9101
1290 1291
3619 3620
9378 9379
4693 4694
3278 3279
9840 9841
4145 4146
5835 5836
8974 8975
5339 5340
6928 6929
3087 3088
645 646
9442 9443
4084 4085
5265 5266
4494 4495
139 140
7962 7963
5227 5228
273 274
4541 4542
8480 8481
9674 9675
5021 5022
9683 9684
9918 9919
6821 6822
6553 6554
1755 1756
3529 3530
1261 1262
4202 4203
5593 5594
9769 9770
7438 7439
3232 3233
4016 4017
6999 7000
2140 2141
8200 8201
6462 6463
6329 6330
9138 9139
5366 5367
9717 9718
2453 2454
5442 5443
7248 7249
1640 1641
6946 6947
3323 3324
1947 1948
1598 1599
8506 8507
2745 2746
5768 5769
2293 2294
664 665
1704 1705
7108 7109
7068 7069
3291 3292
7337 7338
2254 2255
5424 5425
2706 2707
2997 2998
9792 9793
9977 9978
8821 8822
2068 2069
2496 2497
2546 2547
7330 7331
6042 6043
8169 8170
8163 8164
3371 3372
79 80
6215 6216
8938 8939
2075 2076
8024 8025
3150 3151
2748 2749
8902 8903
4034 4035
3600 3601
8225 8226
8391 8392
9790 9791
771 772
6103 6104
6483 6484
6129 6130
4956 4957
3690 3691
565 566
6941 6942
4369 4370
81 82
2521 2522
2113 2114
1187 1188
5579 5580
1518 1519
5102 5103
2452 2453
4280 4281
807 808
6938 6939
6778 6779
1071 1072
2310 2311
4196 4197
1075 1076
9532 9533
6813 6814
3673 3674
7806 7807
9764 9765
8792 8793
7043 7044
1048 1049
8734 8735
2880 2881
8078 8079
6801 6802
2590 2591
6016 6017
9787 9788
6819 6820
2585 2586
8672 8673
2011 2012
3353 3354
7411 7412
2606 2607
2603 2604
7056 7057
9775 9776
7928 7929
2569 2570
1169 1170
4953 4954
3508 3509
8127 8128
1412 1413
1988 1989
5353 5354
3211 3212
1253 1254
2227 2228
191 192
312 313
1735 1736
7599 7600
747 748
4766 4767
6939 6940
2175 2176
6314 6315
1717 1718
7986 7987
3614 3615
9947 9948
4290 4291
7787 7788
9397 9398
7050 7051
2033 2034
1997 1998
9982 9983
6316 6317
4255 4256
1162 1163
6643 6644
1278 1279
3843 3844
4344 4345
4264 4265
8788 8789
4512 4513
2074 2075
7602 7603
8 9
4564 4565
1183 1184
570 571
1694 1695
3666 3667
3041 3042
6862 6863
4128 4129
7936 7937
8095 8096
7682 7683
4193 4194
6627 6628
3784 3785
6663 6664
3630 3631
5315 5316
5752 5753
903 904
8407 8408
4395 4396
8281 8282
5801 5802
5489 5490
3595 3596
3018 3019
571 572
1581 1582
1836 1837
1667 1668
7749 7750
396 397
9720 9721
7232 7233
8585 8586
1814 1815
5525 5526
3734 3735
115 116
231 232
3967 3968
9121 9122
8230 8231
1534 1535
6066 6067
1424 1425
6442 6443
8019 8020
3275 3276
2152 2153
2465 2466
3509 3510
2472 2473
7906 7907
5515 5516
5338 5339
8374 8375
9747 9748
1902 1903
9716 9717
4061 4062
5493 5494
4077 4078
8669 8670
4051 4052
8528 8529
3282 3283
9158 9159
7131 7132
5576 5577
3316 3317
5177 5178
3982 3983
3081 3082
3505 3506
4416 4417
2592 2593
9924 9925
2520 2521
8490 8491
6899 6900
5421 5422
4474 4475
6812 6813
9443 9444
8752 8753
4880 4881
5022 5023
9590 9591
1177 1178
4639 4640
2952 2953
4636 4637
853 854
7821 7822
3526 3527
4641 4642
6983 6984
8228 8229
1114 1115
5790 5791
9222 9223
9011 9012
7791 7792
8275 8276
134 135
9054 9055
5401 5402
1795 1796
1539 1540
3209 3210
6621 6622
3360 3361
2516 2517
3105 3106
6973 6974
4070 4071
2559 2560
3392 3393
1022 1023
3919 3920
711 712
414 415
135 136
2886 2887
2197 2198
699 700
727 728
9019 9020
4115 4116
5491 5492
6191 6192
3761 3762
8257 8258
1454 1455
5282 5283
6515 6516
6419 6420
381 382
7578 7579
7064 7065
6541 6542
3627 3628
1665 1666
6321 6322
9994 9995
7856 7857
5663 5664
9144 9145
151 152
4967 4968
7013 7014
2807 2808
1439 1440
6387 6388
7692 7693
4590 4591
5099 5100
7284 7285
7102 7103
3181 3182
684 685
5045 5046
3609 3610
9437 9438
7492 7493
9075 9076
1475 1476
7171 7172
4765 4766
2697 2698
266 267
294 295
7003 7004
8701 8702
4360 4361
2311 2312
8300 8301
3616 3617
6922 6923
3791 3792
9414 9415
2639 2640
8122 8123
8756 8757
1678 1679
5313 5314
260 261
875 876
4019 4020
7025 7026
3706 3707
2283 2284
9800 9801
5664 5665
8881 8882
9984 9985
8712 8713
4663 4664
3901 3902
5733 5734
4252 4253
4699 4700
3148 3149
9563 9564
2039 2040
7923 7924
9520 9521
8754 8755
1984 1985
4862 4863
3512 3513
8589 8590
3090 3091
1179 1180
3234 3235
9634 9635
208 209
6270 6271
5772 5773
3815 3816
4856 4857
123 124
5460 5461
9677 9678
6917 6918
1294 1295
4160 4161
6010 6011
7200 7201
6538 6539
2968 2969
3984 3985
4480 4481
3485 3486
6599 6600
2111 2112
7700 7701
5368 5369
3182 3183
3874 3875
1925 1926
9217 9218
2172 2173
9814 9815
9835 9836
9734 9735
6505 6506
5130 5131
7580 7581
5001 5002
8141 8142
4890 4891
9038 9039
5136 5137
8550 8551
8874 8875
6461 6462
7804 7805
6011 6012
7775 7776
9721 9722
3439 3440
5916 5917
7100 7101
343 344
7822 7823
6158 6159
1845 1846
8044 8045
2273 2274
9647 9648
5216 5217
2461 2462
8931 8932
7177 7178
2679 2680
8464 8465
2999 3000
2600 2601
3664 3665
7259 7260
2951 2952
5013 5014
1419 1420
538 539
5611 5612
5408 5409
1697 1698
2768 2769
4848 4849
8471 8472
2550 2551
1460 1461
8319 8320
5434 5435
1728 1729
8043 8044
3308 3309
1807 1808
9668 9669
796 797
5258 5259
5032 5033
2306 2307
2072 2073
1995 1996
9152 9153
4944 4945
6082 6083
2685 2686
1273 1274
14 15
1093 1094
3846 3847
1072 1073
6096 6097
9611 9612
4845 4846
8071 8072
9402 9403
7641 7642
6052 6053
5499 5500
639 640
1094 1095
2842 2843
1550 1551
6795 6796
6589 6590
3693 3694
8155 8156
616 617
232 233
8065 8066
4301 4302
8521 8522
5702 5703
340 341
5260 5261
379 380
8576 8577
4321 4322
4110 4111
3927 3928
2646 2647
2158 2159
2430 2431
8153 8154
5626 5627
2225 2226
4608 4609
960 961
2643 2644
8810 8811
2927 2928
9983 9984
5744 5745
774 775
9802 9803
1260 1261
1946 1947
9290 9291
524 525
9444 9445
7983 7984
920 921
3129 3130
6625 6626
5276 5277
3071 3072
5473 5474
2073 2074
9998 9999
8864 8865
3548 3549
6498 6499
4653 4654
6265 6266
6913 6914
9889 9890
449 450
935 936
6056 6057
4599 4600
749 750
9569 9570
3358 3359
8541 8542
4678 4679
1566 1567
3079 3080
2309 2310
7759 7760
8108 8109
5767 5768
2532 2533
7061 7062
6007 6008
4461 4462
9350 9351
3970 3971
9007 9008
2420 2421
1178 1179
2539 2540
8285 8286
2534 2535
1121 1122
4417 4418
4362 4363
878 879
6562 6563
7550 7551
5108 5109
5760 5761
6664 6665
7034 7035
3384 3385
3697 3698
7097 7098
5354 5355
5084 5085
3337 3338
4157 4158
8111 8112
6965 6966
7499 7500
8804 8805
5468 5469
2828 2829
4613 4614
3239 3240
9395 9396
1707 1708
4348 4349
2839 2840
3307 3308
5241 5242
2885 2886
4239 4240
3328 3329
706 707
7512 7513
248 249
1924 1925
7237 7238
2121 2122
2636 2637
49 50
3420 3421
8299 8300
4383 4384
7356 7357
8131 8132
5163 5164
901 902
9817 9818
5866 5867
2413 2414
1917 1918
4798 4799
3740 3741
3247 3248
1344 1345
3992 3993
2355 2356
3643 3644
2678 2679
7436 7437
4581 4582
6579 6580
5467 5468
9740 9741
3285 3286
1249 1250
9760 9761
2199 2200
4186 4187
596 597
2350 2351
2097 2098
4689 4690
8419 8420
1320 1321
7476 7477
6535 6536
9657 9658
3683 3684
8265 8266
8524 8525
882 883
9331 9332
6960 6961
9340 9341
9941 9942
3354 3355
272 273
4295 4296
164 165
5822 5823
315 316
1788 1789
5522 5523
7870 7871
8326 8327
7389 7390
8608 8609
3520 3521
2194 2195
2264 2265
1365 1366
1280 1281
1866 1867
3975 3976
9518 9519
7271 7272
8039 8040
6509 6510
9 10
6309 6310
8355 8356
1655 1656
6440 6441
1861 1862
177 178
8914 8915
2406 2407
5568 5569
9838 9839
9388 9389
8194 8195
1647 1648
6493 6494
7794 7795
5640 5641
3109 3110
2930 2931
5414 5415
4561 4562
446 447
6775 6776
5817 5818
9870 9871
6854 6855
4918 4919
5681 5682
8406 8407
16 17
9352 9353
7645 7646
6065 6066
4866 4867
4010 4011
5232 5233
2673 2674
3868 3869
2028 2029
2367 2368
5224 5225
7024 7025
4232 4233
6211 6212
3637 3638
1887 1888
5800 5801
8339 8340
959 960
9289 9290
3571 3572
4919 4920
1885 1886
5196 5197
7380 7381
9067 9068
5342 5343
6361 6362
2021 2022
3290 3291
2514 2515
5443 5444
8482 8483
7081 7082
2301 2302
4496 4497
5998 5999
5345 5346
2204 2205
1037 1038
2502 2503
9613 9614
9084 9085
5255 5256
6850 6851
6802 6803
5826 5827
6117 6118
620 621
7174 7175
1681 1682
4662 4663
5753 5754
4707 4708
2985 2986
5176 5177
2466 2467
3908 3909
5328 5329
5647 5648
7523 7524
9205 9206
5340 5341
2214 2215
7842 7843
6900 6901
4566 4567
20 21
5295 5296
9478 9479
9202 9203
8005 8006
5511 5512
268 269
5792 5793
4237 4238
7547 7548
2483 2484
7621 7622
1641 1642
460 461
1398 1399
9305 9306
7921 7922
4677 4678
9010 9011
940 941
6381 6382
1200 1201
7161 7162
5890 5891
1850 1851
4495 4496
4335 4336
1386 1387
7989 7990
2676 2677
5952 5953
4604 4605
1205 1206
7065 7066
7357 7358
8224 8225
8973 8974
1124 1125
2215 2216
1808 1809
9448 9449
3569 3570
9906 9907
9678 9679
9232 9233
3304 3305
1754 1755
3624 3625
1062 1063
781 782
2728 2729
8423 8424
5404 5405
9843 9844
9959 9960
7589 7590
4673 4674
5636 5637
8601 8602
7771 7772
5897 5898
3488 3489
5623 5624
4220 4221
4728 4729
8895 8896
7413 7414
7069 7070
8777 8778
7265 7266
2867 2868
9412 9413
4149 4150
3976 3977
319 320
7691 7692
1259 1260
5217 5218
85 86
3180 3181
689 690
9188 9189
5085 5086
8837 8838
2324 2325
4205 4206
7626 7627
1373 1374
8193 8194
7236 7237
1913 1914
8933 8934
2983 2984
1851 1852
4719 4720
2876 2877
4951 4952
5602 5603
1483 1484
6459 6460
3998 3999
8213 8214
7688 7689
3431 3432
9620 9621
481 482
8479 8480
1716 1717
126 127
1065 1066
8945 8946
1514 1515
3691 3692
4970 4971
737 738
3427 3428
5242 5243
7545 7546
2823 2824
1422 1423
9510 9511
1417 1418
5210 5211
6930 6931
599 600
4015 4016
9519 9520
820 821
6658 6659
5521 5522
7009 7010
8942 8943
1714 1715
7229 7230
9883 9884
1876 1877
3351 3352
1008 1009
8457 8458
9180 9181
3917 3918
7483 7484
2129 2130
206 207
1711 1712
1604 1605
5104 5105
9361 9362
187 188
2294 2295
8488 8489
108 109
9968 9969
7280 7281
998 999
4408 4409
3412 3413
568 569
447 448
5556 5557
4992 4993
2034 2035
4828 4829
9922 9923
612 613
4611 4612
162 163
3589 3590
9570 9571
4317 4318
9750 9751
6624 6625
9577 9578
3397 3398
7408 7409
8944 8945
6090 6091
4373 4374
8033 8034
3186 3187
4060 4061
8778 8779
2819 2820
3877 3878
1300 1301
4454 4455
8823 8824
3964 3965
73 74
817 818
1522 1523
9370 9371
9559 9560
8964 8965
2276 2277
2722 2723
6101 6102
4245 4246
5044 5045
8241 8242
3241 3242
973 974
861 862
1497 1498
4771 4772
4192 4193
8386 8387
7294 7295
1674 1675
918 919
2749 2750
900 901
1642 1643
3863 3864
1084 1085
5496 5497
7378 7379
7538 7539
9776 9777
963 964
1136 1137
7857 7858
2171 2172
7041 7042
9505 9506
3751 3752
5679 5680
8718 8719
3043 3044
3176 3177
5829 5830
9686 9687
5566 5567
6374 6375
6703 6704
4886 4887
1618 1619
9609 9610
3132 3133
7901 7902
7513 7514
3534 3535
5457 5458
9181 9182
3230 3231
3078 3079
5942 5943
2543 2544
7896 7897
5524 5525
3752 3753
1867 1868
1222 1223
5093 5094
7383 7384
8572 8573
9272 9273
2510 2511
5146 5147
2123 2124
2540 2541
1542 1543
3698 3699
5311 5312
1939 1940
3433 3434
2909 2910
489 490
7221 7222
5403 5404
6227 6228
5417 5418
2387 2388
1031 1032
3890 3891
7997 7998
5610 5611
7619 7620
1040 1041
7673 7674
9630 9631
1809 1810
235 236
4972 4973
4406 4407
2672 2673
7361 7362
7199 7200
1212 1213
3880 3881
8916 8917
5947 5948
8614 8615
158 159
8290 8291
393 394
5297 5298
6148 6149
7092 7093
7127 7128
3327 3328
8080 8081
9761 9762
5321 5322
8744 8745
4896 4897
7854 7855
9697 9698
8211 8212
189 190
6990 6991
9218 9219
1438 1439
2258 2259
6313 6314
4620 4621
5798 5799
3094 3095
4729 4730
898 899
7873 7874
6189 6190
5541 5542
3215 3216
3288 3289
7576 7577
9794 9795
8738 8739
7130 7131
5072 5073
1416 1417
4569 4570
2905 2906
7840 7841
2030 2031
168 169
6306 6307
2666 2667
5609 5610
4588 4589
5549 5550
3655 3656
7498 7499
2040 2041
5827 5828
2742 2743
1296 1297
2377 2378
9184 9185
6223 6224
8474 8475
7950 7951
3563 3564
3057 3058
8132 8133
7755 7756
4483 4484
3797 3798
3629 3630
1130 1131
1429 1430
6347 6348
1959 1960
7273 7274
8907 8908
3497 3498
7769 7770
8429 8430
7881 7882
4927 4928
9348 9349
7995 7996
377 378
4710 4711
8866 8867
8388 8389
3786 3787
7528 7529
8600 8601
247 248
2395 2396
5257 5258
2990 2991
1700 1701
5662 5663
6278 6279
7574 7575
8711 8712
2056 2057
5919 5920
7107 7108
5453 5454
8182 8183
7657 7658
2435 2436
6131 6132
972 973
4170 4171
9879 9880
8446 8447
7611 7612
9637 9638
5655 5656
7445 7446
6125 6126
5676 5677
485 486
2724 2725
9596 9597
4441 4442
5395 5396
3242 3243
400 401
3867 3868
6221 6222
6337 6338
2703 2704
5117 5118
2192 2193
6032 6033
1657 1658
1445 1446
8173 8174
491 492
5230 5231
6495 6496
7763 7764
5598 5599
7089 7090
681 682
9429 9430
7439 7440
9935 9936
3478 3479
3273 3274
2701 2702
879 880
2188 2189
7109 7110
6721 6722
7760 7761
3171 3172
9511 9512
8162 8163
8709 8710
347 348
8705 8706
1109 1110
4271 4272
4306 4307
6085 6086
5396 5397
9246 9247
9077 9078
2149 2150
8909 8910
4059 4060
5977 5978
4936 4937
4959 4960
4294 4295
4411 4412
7882 7883
7826 7827
22 23
1852 1853
1352 1353
7889 7890
2251 2252
6454 6455
6500 6501
1263 1264
4127 4128
5105 5106
8839 8840
1602 1603
430 431
290 291
8085 8086
4153 4154
3007 3008
8879 8880
4712 4713
2902 2903
3518 3519
4834 4835
1171 1172
402 403
9592 9593
3101 3102
9807 9808
7530 7531
4841 4842
6607 6608
9956 9957
7647 7648
4628 4629
1100 1101
7584 7585
175 176
4560 4561
5398 5399
9275 9276
563 564
7926 7927
2363 2364
2257 2258
4303 4304
3027 3028
4147 4148
3827 3828
3834 3835
8822 8823
6348 6349
1486 1487
9053 9054
9315 9316
5659 5660
2954 2955
3347 3348
9245 9246
60 61
1588 1589
5806 5807
7270 7271
2832 2833
9336 9337
9726 9727
8305 8306
7548 7549
4821 4822
6995 6996
9815 9816
470 471
8145 8146
2421 2422
4960 4961
5682 5683
3739 3740
8079 8080
8310 8311
8417 8418
2331 2332
7355 7356
3042 3043
5550 5551
603 604
1392 1393
8168 8169
3936 3937
7971 7972
4752 4753
6920 6921
4850 4851
750 751
833 834
5565 5566
2717 2718
754 755
3945 3946
2492 2493
3883 3884
9793 9794
8298 8299
3340 3341
836 837
6002 6003
5557 5558
6457 6458
3831 3832
3705 3706
7767 7768
1189 1190
5725 5726
8984 8985
6967 6968
985 986
486 487
9005 9006
1000 1001
3647 3648
9573 9574
6264 6265
7797 7798
1624 1625
7233 7234
5012 5013
5670 5671
4269 4270
2100 2101
8508 8509
3973 3974
3470 3471
8433 8434
1983 1984
4852 4853
6976 6977
3064 3065
8926 8927
1508 1509
5870 5871
4739 4740
635 636
1468 1469
2583 2584
6984 6985
9427 9428
8970 8971
7281 7282
7397 7398
6422 6423
1135 1136
4067 4068
6012 6013
475 476
7257 7258
6268 6269
8772 8773
3363 3364
2878 2879
4265 4266
2147 2148
2572 2573
1237 1238
3065 3066
5911 5912
3870 3871
5042 5043
8883 8884
7543 7544
2969 2970
9453 9454
5416 5417
7813 7814
8638 8639
1949 1950
7650 7651
5987 5988
8399 8400
6740 6741
3474 3475
7012 7013
7165 7166
8987 8988
5254 5255
981 982
2038 2039
6438 6439
2417 2418
5231 5232
3848 3849
3233 3234
9127 9128
2811 2812
3348 3349
6301 6302
6781 6782
9381 9382
9614 9615
7935 7936
3458 3459
5364 5365
4158 4159
3236 3237
4438 4439
8749 8750
2014 2015
2721 2722
5053 5054
6783 6784
179 180
5869 5870
5612 5613
600 601
1413 1414
8140 8141
2833 2834
9281 9282
1385 1386
6240 6241
545 546
9830 9831
4165 4166
6069 6070
6295 6296
3665 3666
3930 3931
6384 6385
9200 9201
6202 6203
9276 9277
2263 2264
4764 4765
1858 1859
7311 7312
7902 7903
2998 2999
8242 8243
5475 5476
4064 4065
1967 1968
359 360
9639 9640
2889 2890
7740 7741
9354 9355
7809 7810
6132 6133
5997 5998
7608 7609
7744 7745
5996 5997
3608 3609
7930 7931
2379 2380
5504 5505
5849 5850
7272 7273
6829 6830
5995 5996
3468 3469
6760 6761
8922 8923
9555 9556
2036 2037
3730 3731
1202 1203
2095 2096
1631 1632
5879 5880
870 871
9072 9073
6063 6064
8029 8030
9661 9662
7276 7277
6705 6706
7702 7703
6469 6470
1339 1340
5599 5600
5595 5596
2659 2660
3651 3652
3723 3724
2774 2775
7738 7739
7968 7969
3688 3689
46 47
1798 1799
144 145
9441 9442
9123 9124
8774 8775
6666 6667
1710 1711
7993 7994
7327 7328
5811 5812
1088 1089
7313 7314
1636 1637
6679 6680
3646 3647
8269 8270
4399 4400
2941 2942
4163 4164
4092 4093
4380 4381
4630 4631
1397 1398
7431 7432
4421 4422
3680 3681
4660 4661
8574 8575
6580 6581
6168 6169
5440 5441
9780 9781
2690 2691
7675 7676
4339 4340
2099 2100
1131 1132
1364 1365
2268 2269
5197 5198
1978 1979
4997 4998
2291 2292
298 299
969 970
1583 1584
8887 8888
188 189
4714 4715
5641 5642
888 889
4647 4648
6175 6176
8046 8047
5272 5273
8628 8629
3050 3051
9001 9002
2720 2721
8753 8754
2262 2263
3216 3217
3179 3180
8397 8398
3657 3658
6249 6250
7778 7779
9263 9264
3425 3426
3486 3487
7274 7275
9422 9423
2486 2487
7149 7150
2901 2902
7745 7746
5333 5334
2476 2477
8607 8608
3914 3915
7192 7193
9711 9712
2831 2832
2358 2359
9391 9392
892 893
6571 6572
2816 2817
3120 3121
6369 6370
8697 8698
8925 8926
7716 7717
9300 9301
3265 3266
2538 2539
304 305
3207 3208
2260 2261
8237 8238
342 343
4346 4347
3024 3025
1256 1257
4449 4450
3006 3007
9113 9114
9850 9851
4532 4533
8485 8486
1865 1866
3483 3484
607 608
957 958
3289 3290
1980 1981
5824 5825
6935 6936
8077 8078
6762 6763
5574 5575
1036 1037
8253 8254
3703 3704
4743 4744
2064 2065
6444 6445
3922 3923
8871 8872
6286 6287
9119 9120
4238 4239
6590 6591
7632 7633
7893 7894
5935 5936
6860 6861
1421 1422
3416 3417
493 494
2044 2045
3716 3717
2980 2981
8503 8504
9682 9683
8192 8193
2570 2571
2240 2241
1544 1545
2336 2337
5238 5239
4837 4838
6858 6859
6053 6054
2544 2545
9497 9498
2233 2234
6932 6933
8951 8952
8323 8324
4137 4138
3103 3104
2615 2616
4597 4598
7836 7837
238 239
8849 8850
1435 1436
1074 1075
3686 3687
8591 8592
326 327
5825 5826
5380 5381
8462 8463
412 413
8459 8460
2624 2625
3496 3497
7402 7403
7209 7210
5485 5486
9942 9943
4065 4066
5379 5380
588 589
9548 9549
1958 1959
663 664
1056 1057
1766 1767
2161 2162
8302 8303
8670 8671
484 485
7651 7652
5516 5517
6274 6275
6806 6807
641 642
7156 7157
3782 3783
9715 9716
3519 3520
5788 5789
9828 9829
1747 1748
5393 5394
521 522
2626 2627
2168 2169
7636 7637
6742 6743
4776 4777
2647 2648
7847 7848
8331 8332
8842 8843
6054 6055
7925 7926
3019 3020
9892 9893
88 89
1541 1542
5951 5952
8537 8538
1238 1239
9226 9227
8891 8892
1561 1562
680 681
8724 8725
3107 3108
9763 9764
4910 4911
3953 3954
2 3
1614 1615
4471 4472
2455 2456
8978 8979
332 333
7348 7349
3364 3365
7416 7417
4591 4592
3757 3758
1658 1659
6692 6693
5863 5864
5959 5960
572 573
1639 1640
6683 6684
3640 3641
11 12
7186 7187
4024 4025
1436 1437
1705 1706
2939 2940
9912 9913
9785 9786
2512 2513
34 35
8049 8050
569 570
4584 4585
7126 7127
9837 9838
3993 3994
1996 1997
4783 4784
4119 4120
2029 2030
5560 5561
8602 8603
432 433
3622 3623
6480 6481
9371 9372
8655 8656
552 553
5739 5740
4806 4807
3276 3277
3618 3619
2882 2883
3946 3947
2855 2856
7239 7240
3999 4000
8582 8583
7909 7910
3738 3739
5458 5459
1526 1527
5476 5477
8869 8870
2450 2451
5281 5282
3943 3944
9173 9174
1991 1992
8405 8406
9046 9047
9603 9604
7437 7438
8735 8736
1803 1804
3377 3378
7467 7468
2160 2161
5068 5069
390 391
336 337
6089 6090
6482 6483
6533 6534
8835 8836
6357 6358
5748 5749
5854 5855
1381 1382
1223 1224
707 708
9369 9370
9195 9196
2480 2481
3235 3236
1596 1597
19 20
6844 6845
8502 8503
7367 7368
4775 4776
465 466
873 874
2322 2323
1666 1667
8631 8632
2908 2909
3541 3542
9285 9286
5823 5824
2089 2090
1703 1704
7031 7032
9978 9979
9692 9693
4881 4882
5634 5635
1715 1716
5984 5985
3572 3573
9730 9731
2261 2262
4585 4586
8714 8715
5156 5157
6707 6708
9440 9441
6729 6730
7792 7793
6701 6702
3607 3608
154 155
5367 5368
5325 5326
2914 2915
5587 5588
8747 8748
9168 9169
3521 3522
358 359
6779 6780
8969 8970
5648 5649
4063 4064
7783 7784
2511 2512
5273 5274
1651 1652
369 370
895 896
6145 6146
4973 4974
9759 9760
5943 5944
4596 4597
4645 4646
4813 4814
3451 3452
5174 5175
7999 8000
2961 2962
7418 7419
2173 2174
1016 1017
8971 8972
3004 3005
6237 6238
6220 6221
7917 7918
2457 2458
6555 6556
1455 1456
4617 4618
1977 1978
7729 7730
3522 3523
1567 1568
8953 8954
7571 7572
3455 3456
9133 9134
2340 2341
5169 5170
6377 6378
9488 9489
7495 7496
9534 9535
3533 3534
7333 7334
930 931
4711 4712
2953 2954
7862 7863
1973 1974
9827 9828
615 616
6629 6630
6605 6606
1442 1443
86 87
461 462
7709 7710
6231 6232
500 501
595 596
9321 9322
5014 5015
4336 4337
3792 3793
8787 8788
6674 6675
3341 3342
6747 6748
2802 2803
280 281
3212 3213
3145 3146
6988 6989
3684 3685
3062 3063
6018 6019
9209 9210
5352 5353
9572 9573
8610 8611
4458 4459
5201 5202
1650 1651
9821 9822
3886 3887
8551 8552
5932 5933
3260 3261
1336 1337
8307 8308
1860 1861
8707 8708
1150 1151
6339 6340
